# Timer(prog='/home/feizheng/i3/rocFFT-internal/build/clients/staging/dyna-rocfft-rider', lib=['/home/feizheng/p1/rocFFT/build/library/src/librocfft.so', '/home/feizheng/i3/rocFFT-internal/build/library/src/librocfft.so'], out=['/home/feizheng/i3/rocFFT-internal/scripts/perf/dir0/radix2_dim2_double_n1_inv_ratio_1_r2c_outofplace.dat', '/home/feizheng/i3/rocFFT-internal/scripts/perf/dir1/radix2_dim2_double_n1_inv_ratio_1_r2c_outofplace.dat'], log='timing.log', device=0, ntrial=30, direction=1, inplace=False, real=True, precision='double', dimension=2, xmin=256, xmax=32768, ymin=256, ymax=32768, zmin=2, zmax=1024, radix=2, nbatch=1, problem_file=None)
# dimension	xlength	ylength	nbatch	nsample	samples ...
2	256	256	1	33	9.104e-05	5.744e-05	5.216e-05	5.232e-05	5.2801000000000005e-05	5.296e-05	5.2e-05	5.9839999999999996e-05	5.232e-05	5.872e-05	7.184e-05	5.2961e-05	5.808e-05	5.1200000000000004e-05	4.944e-05	6.08e-05	5.216e-05	5.312e-05	4.784e-05	5.008e-05	4.8e-05	5.232e-05	5.6321000000000005e-05	6.496e-05	4.96e-05	5.3280000000000005e-05	5.136e-05	5.44e-05	5.28e-05	5.184e-05	4.784e-05	5.072e-05	5.0721000000000004e-05
2	512	512	1	30	7.7921e-05	6.656e-05	6.736e-05	6.4961e-05	6.656e-05	6.544e-05	6.224e-05	6.64e-05	6.288000000000001e-05	6.416e-05	6.4e-05	6.336e-05	6.272e-05	6.224e-05	6.416e-05	6.5761e-05	6.592e-05	6.416e-05	6.336e-05	6.496e-05	6.351999999999999e-05	6.208e-05	6.528000000000001e-05	6.576e-05	6.608e-05	6.464e-05	6.48e-05	6.512e-05	6.464e-05	6.576e-05
2	1024	1024	1	39	0.00012816	0.0001144	0.0001168	0.0001128	0.000115201	0.000115201	0.00011264	0.00011216	0.00011472	0.00011216	0.00010864	0.00011184	0.00011600000000000001	0.00011536000000000001	0.00011264	0.00011423999999999999	0.00011408	0.00011344	0.00011216	0.00011568	0.00011536000000000001	0.00011312	0.00011552	0.000112	0.00010944	0.00011504000000000001	0.0001152	0.00011664	0.00011536000000000001	0.00011423999999999999	0.00011008	0.00011264	0.000113441	0.00011456	0.0001128	0.000112961	0.0001128	0.00011248	0.0001176
2	2048	2048	1	37	0.000386881	0.000368001	0.00036672100000000003	0.00036816100000000004	0.00036896	0.00036768099999999996	0.000368001	0.00039392	0.000366881	0.000368001	0.000365121	0.000367201	0.000368961	0.00037360100000000004	0.00036768	0.000366881	0.000371681	0.0003656	0.000364161	0.000371201	0.00036624000000000004	0.00036656100000000006	0.00037200100000000006	0.00037056000000000003	0.00037744100000000006	0.0003744	0.000373921	0.00036896	0.000369601	0.000398241	0.00036656	0.000369921	0.000369121	0.0003696	0.0003704	0.00037119999999999997	0.00036592000000000005
2	4096	4096	1	30	0.00144352	0.00143728	0.0014228799999999998	0.00141504	0.00141376	0.00143728	0.0014224	0.00145312	0.00144768	0.00143344	0.00143024	0.00144672	0.0014328000000000001	0.0014366399999999999	0.0014344	0.0014275199999999998	0.0014123200000000001	0.00144304	0.00143648	0.00144144	0.00143552	0.00142048	0.0014424	0.0014344	0.00143648	0.0014356800000000002	0.00145152	0.00143248	0.001424	0.001464
2	8192	8192	1	30	0.00869154	0.00874978	0.008677780000000001	0.008679220000000001	0.00859506	0.00874146	0.00868306	0.008560499999999999	0.00876242	0.00879842	0.008685940000000001	0.008957620000000001	0.00868898	0.00872546	0.00864322	0.00893666	0.00883314	0.00875874	0.008868019999999999	0.00882098	0.008634900000000001	0.00864114	0.00867714	0.00884562	0.00873202	0.00880626	0.0088781	0.008937780000000001	0.008670579999999999	0.008644500000000001
2	16384	16384	1	39	0.0526958	0.0527971	0.0525473	0.0530264	0.0522537	0.0525081	0.0523553	0.052913100000000005	0.052326700000000004	0.0525366	0.052387	0.052280099999999996	0.0527368	0.052357100000000004	0.0526398	0.0525289	0.0523491	0.0527384	0.0531169	0.052497999999999996	0.0524321	0.0522595	0.052590200000000004	0.0527436	0.052267600000000004	0.0524152	0.0528843	0.0522324	0.0527192	0.052490499999999995	0.0524708	0.0525582	0.0523441	0.0522692	0.052201700000000004	0.05288280000000001	0.05257	0.0522752	0.0524707
2	32768	32768	1	30	0.24269300000000002	0.242732	0.24274	0.24277	0.242671	0.242734	0.24269200000000002	0.24271199999999998	0.242701	0.242739	0.242792	0.242657	0.242672	0.24273	0.242768	0.24269100000000002	0.242748	0.24273	0.242731	0.24274199999999999	0.242595	0.242695	0.242754	0.242731	0.24266000000000001	0.24284200000000003	0.24262	0.242743	0.24266000000000001	0.242701
