# Timer(prog='/home/feizheng/i3/rocFFT-internal/build/clients/staging/dyna-rocfft-rider', lib=['/home/feizheng/p1/rocFFT/build/library/src/librocfft.so', '/home/feizheng/i3/rocFFT-internal/build/library/src/librocfft.so'], out=['/home/feizheng/i3/rocFFT-internal/scripts/perf/dir0/radix2_dim1_double_n1_c2c_inplace.dat', '/home/feizheng/i3/rocFFT-internal/scripts/perf/dir1/radix2_dim1_double_n1_c2c_inplace.dat'], log='timing.log', device=0, ntrial=30, direction=-1, inplace=True, real=False, precision='double', dimension=1, xmin=2048, xmax=536870912, ymin=2, ymax=1024, zmin=2, zmax=1024, radix=2, nbatch=1, problem_file=None)
# dimension	xlength	nbatch	nsample	samples ...
1	2048	1	36	3.76e-05	3.8719999999999995e-05	3.76e-05	3.792e-05	3.744e-05	3.184e-05	3.232e-05	3.7120000000000004e-05	3.2160000000000004e-05	3.696e-05	3.744e-05	3.12e-05	3.664e-05	3.808e-05	3.152e-05	3.696e-05	3.12e-05	3.7120000000000004e-05	3.152e-05	3.6479999999999996e-05	3.248e-05	3.7760000000000004e-05	3.7120000000000004e-05	3.728e-05	3.7760000000000004e-05	3.728e-05	3.696e-05	3.2160000000000004e-05	3.7120000000000004e-05	3.136e-05	3.152e-05	3.6479999999999996e-05	3.76e-05	3.7760000000000004e-05	3.76e-05	3.68e-05
1	4096	1	31	5.216e-05	5.264e-05	5.152e-05	5.1040000000000006e-05	5.136e-05	5.232e-05	5.2e-05	5.136e-05	5.136e-05	5.0560000000000004e-05	5.04e-05	5.168e-05	5.136e-05	5.216e-05	5.184e-05	5.184e-05	5.152e-05	4.1439999999999996e-05	4.112e-05	4.0641e-05	4.096e-05	4.16e-05	5.2161e-05	5.1200000000000004e-05	5.184e-05	5.008e-05	5.312e-05	5.1040000000000006e-05	5.136e-05	5.28e-05	5.2e-05
1	8192	1	41	7.488e-05	4.896e-05	4.912e-05	5.232e-05	5.2e-05	4.8161e-05	5.1040000000000006e-05	4e-05	4.7680000000000004e-05	4.112e-05	3.968e-05	3.984e-05	4.0480000000000005e-05	4.0640000000000004e-05	3.984e-05	4.0480000000000005e-05	4.096e-05	3.952e-05	4.08e-05	4.032e-05	5.008e-05	4e-05	3.952e-05	4.0480000000000005e-05	4.016e-05	3.9841e-05	4.016e-05	4.0480000000000005e-05	4.032e-05	3.888e-05	4.032e-05	4e-05	4e-05	3.952e-05	3.9841e-05	4.0480000000000005e-05	4.0480000000000005e-05	3.9361e-05	4.016e-05	3.952e-05	4.08e-05
1	16384	1	30	7.248000000000001e-05	4.896e-05	4.880000000000001e-05	4.896e-05	4.816e-05	4.176e-05	4.16e-05	4.3679999999999995e-05	4.1441e-05	4.16e-05	4.176e-05	4.24e-05	4.128e-05	3.984e-05	4.208e-05	4.16e-05	4.096e-05	4.0480000000000005e-05	4.0480000000000005e-05	4.24e-05	4.1921e-05	4.208e-05	4.0640000000000004e-05	4e-05	4.0480000000000005e-05	3.936e-05	4.016e-05	3.936e-05	4.016e-05	4e-05
1	32768	1	34	6.112e-05	5.4239999999999996e-05	4.752e-05	4.6240000000000005e-05	4.3361e-05	4.496e-05	4.8320000000000005e-05	4.576e-05	4.912e-05	4.48e-05	4.6080000000000006e-05	4.576e-05	4.5281e-05	4.464e-05	4.48e-05	4.464e-05	4.3520000000000003e-05	4.4161e-05	4.3520000000000003e-05	4.3520000000000003e-05	4.288e-05	4.224e-05	4.224e-05	4.432e-05	4.4001e-05	4.304e-05	4.3200000000000007e-05	4.176e-05	4.384e-05	4.176e-05	4.2720000000000004e-05	4.208e-05	4.256e-05	4.6080999999999995e-05
1	65536	1	31	6.0801e-05	5.024e-05	4.992e-05	5.04e-05	4.9279999999999996e-05	5.2e-05	4.48e-05	5.0560000000000004e-05	4.3360000000000005e-05	4.3520000000000003e-05	4.4321e-05	4.3679999999999995e-05	4.3041000000000003e-05	4.416e-05	4.3200000000000007e-05	4.288e-05	4.24e-05	4.288e-05	4.256e-05	4.3520000000000003e-05	4.3679999999999995e-05	4.24e-05	4.4e-05	4.384e-05	4.3679999999999995e-05	4.4e-05	4.3679999999999995e-05	4.448e-05	4.3520000000000003e-05	4.2720000000000004e-05	4.224e-05
1	131072	1	39	8.304e-05	7.280000000000001e-05	7.088e-05	9.216100000000001e-05	7.1681e-05	7.0401e-05	6.848e-05	7.072e-05	6.944e-05	7.008e-05	6.928e-05	6.9121e-05	6.816e-05	6.96e-05	6.992e-05	7.008e-05	6.96e-05	6.896099999999999e-05	6.912e-05	7.12e-05	7.232e-05	6.848e-05	7.008e-05	7.072e-05	7.023999999999999e-05	7.04e-05	6.944e-05	6.88e-05	7.264e-05	7.2321e-05	7.36e-05	7.008e-05	6.912e-05	6.9281e-05	6.864000000000001e-05	6.832000000000001e-05	6.832000000000001e-05	6.784e-05	6.9601e-05
1	262144	1	30	0.00012208099999999999	0.00010768	0.00011088000000000001	0.000108961	0.00010832	0.00010736	0.00010832	0.0001088	0.00010896	0.00010832	0.00010832	0.00010576099999999999	0.00010576	0.000104	0.00010528	0.00010960000000000001	0.00011072	0.000108	0.00011008	0.00010704	0.00010688	0.00011248	0.00010832	0.00011184	0.00010992	0.00011056000000000001	0.00010847999999999999	0.000106081	0.00010672	0.00010512000000000001
1	524288	1	30	0.00015408	0.00014704100000000002	0.000144001	0.00014256	0.00013904	0.00014416	0.0001408	0.00014448	0.000140161	0.00013936000000000002	0.00014432100000000002	0.00014416	0.000143841	0.00014352	0.00014272000000000002	0.000146081	0.00014335999999999998	0.000140161	0.00014112	0.00014000000000000001	0.00014224000000000002	0.00014096	0.0001424	0.000144	0.00014368	0.000144	0.00014624100000000003	0.00014432	0.00014063999999999998	0.00013936000000000002
1	1048576	1	31	0.000256961	0.000245601	0.00024544	0.00024688	0.000245761	0.00024448	0.000244001	0.00024432100000000003	0.00024207999999999999	0.000244481	0.000245921	0.00024688	0.000244801	0.00024992	0.000244641	0.00024576000000000003	0.00024464	0.000242561	0.00024176000000000002	0.00024432100000000003	0.0002424	0.0002456	0.000241921	0.00024448	0.000245601	0.00024704	0.00024432100000000003	0.000245441	0.00029808	0.000246241	0.00024704100000000004
1	2097152	1	30	0.000452801	0.000441601	0.00043664100000000004	0.00043600100000000004	0.000440001	0.000439521	0.00045120100000000003	0.000443361	0.00043696	0.000439201	0.00043312099999999996	0.000441121	0.000437281	0.000440961	0.000432161	0.000440641	0.00043856099999999996	0.00043744100000000006	0.00043936100000000004	0.000440481	0.000433441	0.00044304100000000003	0.000432801	0.00043648199999999997	0.00043328100000000004	0.000440001	0.000436961	0.000444801	0.000440641	0.000442081
1	4194304	1	30	0.000826242	0.000817441	0.000821282	0.000811842	0.0008278410000000001	0.000809922	0.000809122	0.000816802	0.000813922	0.000813921	0.000812641	0.000822722	0.000825442	0.000810562	0.0008132819999999999	0.0008148820000000001	0.000812322	0.0008195219999999999	0.0008211220000000001	0.000812322	0.0008136020000000001	0.000813442	0.0008198410000000001	0.0008212810000000001	0.000810562	0.000807362	0.000815202	0.0008203220000000001	0.000818562	0.0008158410000000001
1	8388608	1	30	0.00159984	0.0015953599999999999	0.0016070400000000001	0.00156784	0.0015662400000000002	0.0015571200000000002	0.00160096	0.00161408	0.00156832	0.00158208	0.00158624	0.0016008	0.0015772800000000001	0.0015798399999999999	0.00159632	0.0015961600000000001	0.00160544	0.0015940799999999999	0.00157632	0.0015815999999999998	0.0015524800000000002	0.00157744	0.00160256	0.0015672	0.00156864	0.0015952	0.00158544	0.00158432	0.0016057600000000001	0.00159216
1	16777216	1	52	0.00316449	0.0031368100000000003	0.00317297	0.00311841	0.00310433	0.00312033	0.0031112099999999997	0.00314225	0.0031840099999999997	0.00315617	0.00314833	0.00312785	0.00318993	0.00313313	0.00314977	0.00312129	0.00314033	0.0031124900000000003	0.00319025	0.0031294499999999998	0.00316897	0.00314769	0.00313489	0.00312465	0.0031368100000000003	0.00312049	0.0031777700000000003	0.00314865	0.00316145	0.0031097700000000004	0.00314337	0.00310305	0.0031300900000000003	0.00310145	0.00317921	0.00312289	0.0031425700000000003	0.00316081	0.0031219299999999998	0.00311025	0.00315217	0.0031890100000000004	0.00314865	0.0030859299999999997	0.00311809	0.00311777	0.00314705	0.0031169699999999997	0.00309665	0.0031169699999999997	0.00311441	0.0031300900000000003
1	33554432	1	38	0.00701601	0.00717826	0.00713058	0.00713249	0.00706161	0.00711873	0.0070779400000000004	0.00714705	0.00707665	0.0070813	0.007037460000000001	0.00708081	0.00706914	0.00711521	0.00715809	0.00705201	0.00707729	0.0071568199999999995	0.0071667400000000004	0.0071081700000000005	0.0070646500000000004	0.00704993	0.00710386	0.00703665	0.00707025	0.00711905	0.007055380000000001	0.00714369	0.00713266	0.007189940000000001	0.00713457	0.0071064100000000005	0.0070694600000000005	0.00706369	0.0071125	0.00704321	0.00704897	0.00714802
1	67108864	1	30	0.0149237	0.014846600000000001	0.0150524	0.015189500000000002	0.0148237	0.014963200000000001	0.015133200000000001	0.014884000000000001	0.0150317	0.0149773	0.014932800000000001	0.015085000000000001	0.015093800000000001	0.015058400000000001	0.0149858	0.014968400000000001	0.0149186	0.0152501	0.015097300000000001	0.015043100000000002	0.014953600000000001	0.0149727	0.0149164	0.0149916	0.015072200000000001	0.0150647	0.015024800000000001	0.0150501	0.0148184	0.015107200000000001
1	134217728	1	31	0.0301618	0.030542000000000003	0.0304695	0.030125	0.0304855	0.030468900000000004	0.0303021	0.0305185	0.030324900000000002	0.030258600000000004	0.0304789	0.0302809	0.0304345	0.0303826	0.0301621	0.0303388	0.0304381	0.030324100000000003	0.0303636	0.030284500000000002	0.030226600000000003	0.030365700000000002	0.0306189	0.0302772	0.0305092	0.0302877	0.0302506	0.030366	0.0304345	0.030400700000000003	0.0302717
1	268435456	1	30	0.0619289	0.0615901	0.06177900000000001	0.0620315	0.0619629	0.0617489	0.0618917	0.0619374	0.0619792	0.0618369	0.0618049	0.0617373	0.061786900000000006	0.0620225	0.061968300000000004	0.0618835	0.0616605	0.0619995	0.062042400000000004	0.0618872	0.0617829	0.061837600000000006	0.062359000000000005	0.0619566	0.0618627	0.0619563	0.0618467	0.0621785	0.061654400000000005	0.0622384
