# Timer(prog='/home/feizheng/i3/rocFFT-internal/build/clients/staging/dyna-rocfft-rider', lib=['/home/feizheng/p1/rocFFT/build/library/src/librocfft.so', '/home/feizheng/i3/rocFFT-internal/build/library/src/librocfft.so'], out=['/home/feizheng/i3/rocFFT-internal/scripts/perf/dir0/radix3_dim1_double_n1_c2c_inplace.dat', '/home/feizheng/i3/rocFFT-internal/scripts/perf/dir1/radix3_dim1_double_n1_c2c_inplace.dat'], log='timing.log', device=0, ntrial=30, direction=-1, inplace=True, real=False, precision='double', dimension=1, xmin=2187, xmax=536870912, ymin=2, ymax=1024, zmin=2, zmax=1024, radix=3, nbatch=1, problem_file=None)
# dimension	xlength	nbatch	nsample	samples ...
1	2187	1	38	5.472e-05	4.96e-05	4.896e-05	4.976e-05	5.024e-05	4.944e-05	4.96e-05	5.024e-05	4.96e-05	3.888e-05	4.8480000000000003e-05	4.976e-05	4.9279999999999996e-05	4.976e-05	5.1200000000000004e-05	4.08e-05	3.952e-05	5.1200000000000004e-05	4.896e-05	3.952e-05	4.912e-05	4.864e-05	4.816e-05	5.0401e-05	5.072e-05	4.8480000000000003e-05	4.096e-05	5.136e-05	5.008e-05	4.9279999999999996e-05	4.8320000000000005e-05	5.024e-05	5.008e-05	4.896e-05	4.0960999999999996e-05	3.936e-05	3.8719999999999995e-05	3.952e-05
1	6561	1	30	8.015999999999999e-05	5.232e-05	4.864e-05	3.9681e-05	5.312e-05	4.016e-05	3.968e-05	3.9681e-05	3.92e-05	6.992e-05	3.8721e-05	3.984e-05	3.888e-05	4e-05	4.9279999999999996e-05	3.968e-05	4.0480000000000005e-05	3.92e-05	5.088e-05	3.952e-05	3.952e-05	3.8719999999999995e-05	3.936e-05	4.016e-05	3.9041e-05	3.888e-05	3.952e-05	3.936e-05	3.9041e-05	3.888e-05
1	19683	1	41	9.504e-05	6.224e-05	6.336e-05	6.336e-05	6.032e-05	5.504e-05	5.648e-05	5.5520000000000004e-05	5.6640000000000007e-05	5.6e-05	5.4879999999999996e-05	5.936000000000001e-05	5.696e-05	5.7119999999999995e-05	5.4080000000000004e-05	5.632e-05	5.536e-05	5.6e-05	5.76e-05	5.536e-05	5.9520000000000006e-05	5.8241e-05	5.792e-05	5.76e-05	5.728e-05	5.472e-05	6.272e-05	5.504e-05	5.504e-05	5.472e-05	5.9520000000000006e-05	5.568e-05	5.344e-05	5.4081e-05	5.456e-05	5.44e-05	5.2e-05	5.232e-05	5.472e-05	5.4879999999999996e-05	6.32e-05
1	59049	1	30	0.0001	8.4961e-05	8.528e-05	7.920000000000001e-05	7.8401e-05	7.856000000000001e-05	7.68e-05	7.5681e-05	7.872e-05	7.856000000000001e-05	7.6e-05	8.656e-05	7.424000000000001e-05	7.552100000000001e-05	7.392e-05	7.536e-05	8.56e-05	7.568e-05	7.6641e-05	7.888e-05	7.648000000000001e-05	7.424000000000001e-05	7.6e-05	7.536e-05	7.456e-05	7.712e-05	7.376000000000001e-05	7.488e-05	7.376000000000001e-05	7.456e-05
1	177147	1	32	0.00011824	0.00010528	0.00010528	0.00010512000000000001	0.00010512000000000001	0.00010896	0.00010336	0.00010352	0.00010384000000000001	0.00010416	0.000105921	0.000104	0.00010528	0.00010256	0.0001008	0.00010512000000000001	0.00010127999999999999	0.00010528	0.0001056	0.00010512000000000001	0.000104961	0.00010592	0.0001016	0.00010256	0.00010288	9.888e-05	0.00010288	9.9201e-05	9.888e-05	0.00010208000000000001	0.00010368	0.00010240100000000001
1	531441	1	30	0.00015552	0.000147361	0.00014576000000000001	0.00014448	0.000143041	0.000144	0.00014032	0.00014192	0.00014319999999999998	0.000143681	0.000143361	0.00014384	0.00014192	0.00014096	0.00014192099999999999	0.000142081	0.00014304	0.00014128	0.00014352	0.00014192	0.0001408	0.00014432	0.00014272000000000002	0.00014144	0.00014464	0.0001384	0.000142401	0.00014192	0.00014304	0.00014160100000000002
1	1594323	1	40	0.000400161	0.000379681	0.000382081	0.000389121	0.000379681	0.0003816	0.000392161	0.00038096100000000003	0.000376481	0.000387361	0.000388641	0.00038592	0.00039984	0.00038672	0.000428801	0.000383841	0.000384641	0.000378401	0.0003816	0.00038576100000000004	0.00038304100000000003	0.00039072	0.000380161	0.000386881	0.000390081	0.000376641	0.000381921	0.00038880100000000003	0.00037952000000000005	0.00038640100000000003	0.000380801	0.00038080000000000004	0.000375521	0.00038096100000000003	0.0003944	0.000379201	0.00038336100000000003	0.000384321	0.000385921	0.00038576100000000004
1	4782969	1	31	0.00107664	0.0010508800000000001	0.00105456	0.00104192	0.00104352	0.0010449600000000002	0.00105824	0.00104304	0.0010478400000000002	0.00104768	0.00104464	0.0010444800000000002	0.0010868800000000001	0.00104864	0.00104528	0.0010496000000000001	0.00104992	0.0010471999999999999	0.00104992	0.0010504	0.0010475200000000001	0.00104976	0.0010512	0.0010537600000000002	0.0010536	0.0010608	0.00105328	0.00105744	0.00105488	0.0010471999999999999	0.00105568
1	14348907	1	30	0.00348881	0.0034960100000000003	0.0034659300000000003	0.00347172	0.00345009	0.00347937	0.00347825	0.00347041	0.00348577	0.00347841	0.00348401	0.00348753	0.00348145	0.00349329	0.00347409	0.0034704700000000002	0.00352673	0.00348161	0.00345889	0.0034864099999999997	0.00350802	0.00345508	0.00348209	0.00348353	0.00346961	0.00346781	0.0034681700000000005	0.0034676900000000003	0.00347681	0.00349137
1	43046721	1	30	0.0126157	0.0126224	0.0126239	0.012527900000000002	0.0126357	0.0126413	0.0125845	0.012617000000000001	0.012561899999999999	0.0126277	0.0126272	0.0125898	0.0125931	0.0126298	0.0125754	0.0125712	0.0126458	0.0125973	0.0125731	0.0125992	0.0126309	0.012639099999999999	0.012582900000000001	0.012615500000000002	0.0126015	0.0126218	0.0125435	0.012573800000000001	0.0126082	0.012605600000000002
1	129140163	1	40	0.041593200000000004	0.041659100000000004	0.041617400000000006	0.041649700000000005	0.04163580000000001	0.0416759	0.041558500000000005	0.0416062	0.0415772	0.0416196	0.0416295	0.0416438	0.0416502	0.041658600000000004	0.0416092	0.041641700000000004	0.041605800000000005	0.041594200000000005	0.0416063	0.041603600000000004	0.0415708	0.04159620000000001	0.0416079	0.0416407	0.0416746	0.041646999999999997	0.041694	0.041636400000000004	0.0416353	0.0416359	0.0416201	0.0416759	0.0416663	0.0416353	0.041597499999999996	0.0416554	0.0416081	0.0416366	0.041565	0.041641399999999995
1	387420489	1	30	0.126726	0.126354	0.126581	0.126493	0.126789	0.126665	0.126711	0.126676	0.126609	0.12665500000000002	0.126646	0.126647	0.12665200000000001	0.12654	0.126774	0.126614	0.12665	0.126663	0.126521	0.12658	0.12679900000000002	0.126721	0.12665099999999999	0.126747	0.126624	0.12679900000000002	0.126644	0.126691	0.126707	0.12659
