# Timer(prog='/home/feizheng/i3/rocFFT-internal/build/clients/staging/dyna-rocfft-rider', lib=['/home/feizheng/p1/rocFFT/build/library/src/librocfft.so', '/home/feizheng/i3/rocFFT-internal/build/library/src/librocfft.so'], out=['/home/feizheng/i3/rocFFT-internal/scripts/perf/dir0/radix2_dim1_double_n1_r2c_outofplace.dat', '/home/feizheng/i3/rocFFT-internal/scripts/perf/dir1/radix2_dim1_double_n1_r2c_outofplace.dat'], log='timing.log', device=0, ntrial=30, direction=-1, inplace=False, real=True, precision='double', dimension=1, xmin=2048, xmax=536870912, ymin=2, ymax=1024, zmin=2, zmax=1024, radix=2, nbatch=1, problem_file=None)
# dimension	xlength	nbatch	nsample	samples ...
1	2048	1	30	4.176e-05	4.0640000000000004e-05	4.176e-05	3.92e-05	4.0480000000000005e-05	4.128e-05	4.1439999999999996e-05	4.032e-05	4.096e-05	4.112e-05	4.128e-05	4.2561e-05	4.208e-05	4.08e-05	3.984e-05	4.096e-05	4.0640000000000004e-05	4.016e-05	3.296e-05	4.032e-05	4e-05	3.952e-05	4.0480000000000005e-05	3.2160000000000004e-05	4.032e-05	3.92e-05	3.232e-05	3.2800000000000004e-05	3.248e-05	4.0640000000000004e-05
1	4096	1	30	4.224e-05	4.224e-05	4.16e-05	4.304e-05	4.288e-05	4.176e-05	4.384e-05	4.3200000000000007e-05	4.304e-05	4.2720000000000004e-05	4.24e-05	4.304e-05	4.224e-05	4.256e-05	4.24e-05	4.2720000000000004e-05	4.2561e-05	3.664e-05	4.256e-05	3.664e-05	3.632e-05	3.5520000000000006e-05	4.1439999999999996e-05	3.744e-05	3.5680000000000004e-05	3.632e-05	3.5521e-05	4.1439999999999996e-05	3.6e-05	3.8561e-05
1	8192	1	30	5.744e-05	5.9040000000000004e-05	5.584e-05	5.808e-05	5.6800000000000005e-05	5.7119999999999995e-05	5.728e-05	5.936000000000001e-05	6.032e-05	5.824e-05	4.576e-05	4.736e-05	5.6e-05	5.6640000000000007e-05	5.808e-05	6.447999999999999e-05	4.8320000000000005e-05	4.7680000000000004e-05	5.696e-05	4.704e-05	5.6640000000000007e-05	5.7119999999999995e-05	5.84e-05	5.808e-05	5.84e-05	5.6160000000000004e-05	5.6800000000000005e-05	5.6e-05	5.824e-05	4.688e-05
1	16384	1	30	7.920000000000001e-05	5.92e-05	5.472e-05	4.688e-05	5.968e-05	5.7119999999999995e-05	4.528e-05	5.232e-05	5.44e-05	4.5600000000000004e-05	4.6240000000000005e-05	4.48e-05	5.504e-05	4.592e-05	4.752e-05	5.024e-05	4.5440000000000005e-05	4.464e-05	4.704e-05	4.96e-05	4.496e-05	4.7681e-05	4.656e-05	4.6240000000000005e-05	4.464e-05	4.6080000000000006e-05	4.6080000000000006e-05	4.5440000000000005e-05	4.6080000000000006e-05	4.72e-05
1	32768	1	30	7.584e-05	5.8081e-05	5.696e-05	5.7121e-05	5.584e-05	5.216e-05	4.8480000000000003e-05	4.944e-05	5.232e-05	5.04e-05	5.52e-05	5.6e-05	5.36e-05	4.976e-05	4.816e-05	5.024e-05	4.880000000000001e-05	4.96e-05	5.136e-05	4.96e-05	4.976e-05	4.880000000000001e-05	4.864e-05	5.0560000000000004e-05	5.088e-05	4.9441e-05	4.704e-05	4.784e-05	4.8161e-05	4.7680000000000004e-05
1	65536	1	32	8.160100000000001e-05	6.128e-05	6.16e-05	5.84e-05	5.5520000000000004e-05	5.568e-05	6.16e-05	5.36e-05	5.536e-05	5.76e-05	5.504e-05	5.4080000000000004e-05	5.4879999999999996e-05	5.536e-05	5.28e-05	5.4879999999999996e-05	5.52e-05	5.312e-05	5.808e-05	5.248e-05	5.6800000000000005e-05	5.4879999999999996e-05	5.44e-05	5.28e-05	5.4081e-05	5.5681000000000004e-05	5.264e-05	5.36e-05	5.9040000000000004e-05	5.376e-05	5.472e-05	5.4879999999999996e-05
1	131072	1	30	8.56e-05	7.088e-05	6.447999999999999e-05	6.144000000000001e-05	6.144000000000001e-05	6.16e-05	6.623999999999999e-05	5.9839999999999996e-05	6.032e-05	6.08e-05	6.064e-05	6.08e-05	6.224e-05	6.816e-05	6e-05	6.064e-05	6.016e-05	6.08e-05	6.048e-05	5.92e-05	5.84e-05	6.016e-05	5.9521e-05	5.968e-05	5.9841e-05	5.936000000000001e-05	5.92e-05	5.92e-05	6.128e-05	6.08e-05
1	262144	1	50	0.00013216	9.472e-05	9.007999999999999e-05	8.896e-05	9.024e-05	9.056e-05	8.784e-05	8.768e-05	8.992e-05	8.96e-05	8.848e-05	8.928e-05	9.040099999999999e-05	8.912e-05	8.944000000000001e-05	8.784e-05	9.04e-05	9.056e-05	9.04e-05	8.8001e-05	8.656e-05	8.752e-05	8.7041e-05	8.704000000000001e-05	8.656e-05	8.72e-05	8.784e-05	8.896e-05	8.688e-05	9.056e-05	9.04e-05	8.6881e-05	8.672000000000001e-05	8.896e-05	8.672000000000001e-05	9.007999999999999e-05	8.576100000000001e-05	8.656e-05	8.72e-05	8.592e-05	8.9601e-05	8.528e-05	8.784e-05	8.832e-05	8.608e-05	8.704000000000001e-05	8.704000000000001e-05	8.864e-05	8.768e-05	8.896e-05
1	524288	1	30	0.00014512	0.00012912	0.00012736	0.00012864000000000002	0.000128641	0.00013184	0.0001264	0.00012544	0.00013088	0.00012992	0.00012928	0.00012975999999999998	0.00012703999999999998	0.000123361	0.00012895999999999999	0.00012912	0.000124	0.00013216	0.0001272	0.00012592000000000001	0.00012928	0.0001264	0.00012784000000000002	0.0001328	0.00013136000000000002	0.0001272	0.00012880000000000001	0.000124321	0.0001296	0.0001256
1	1048576	1	41	0.000186721	0.00017504	0.00016768	0.0001704	0.000199361	0.00016896	0.000203041	0.00016688	0.000165281	0.00016560000000000001	0.0001648	0.00016784099999999998	0.00019616	0.000165281	0.00016688	0.00016672	0.00016528000000000002	0.00017024	0.00017488	0.000176481	0.00016944	0.00017424	0.00016960100000000002	0.000170241	0.0001704	0.00017024	0.00017136	0.00016656	0.00017104	0.00016752	0.000171201	0.00016976	0.00016624	0.000206561	0.00017184	0.00016768	0.00016624	0.000167521	0.000167361	0.00017056	0.00016976
1	2097152	1	30	0.000341441	0.00033184	0.000300161	0.000290721	0.000289761	0.00032608100000000004	0.00032608100000000004	0.00029584	0.00028768	0.00029392000000000003	0.000289281	0.00033120000000000003	0.00029727999999999997	0.00029456100000000004	0.00029136099999999996	0.0003248	0.00029008	0.000329601	0.00029408099999999996	0.00032688	0.00032976100000000003	0.000289921	0.0003264	0.00030048000000000005	0.00033024	0.00032576	0.000294721	0.00033328000000000003	0.0003232	0.00032672
1	4194304	1	30	0.000581281	0.000575041	0.000537601	0.0005308810000000001	0.0005649610000000001	0.000574721	0.0005334410000000001	0.000524161	0.000568321	0.000529281	0.0005305609999999999	0.000571041	0.000565281	0.000560481	0.000538081	0.000574561	0.0005680009999999999	0.000572481	0.000537121	0.000570721	0.0005252810000000001	0.000567841	0.000534721	0.000564321	0.000532481	0.000538241	0.000529921	0.000579681	0.0005740809999999999	0.000535201
1	8388608	1	31	0.00100224	0.00101216	0.000992482	0.000991522	0.0009905620000000002	0.000993922	0.000997922	0.000989282	0.000996161	0.000997282	0.000998082	0.0009982419999999999	0.000996802	0.000994882	0.000986881	0.0010291200000000001	0.000990882	0.000985602	0.000997282	0.000995682	0.000992962	0.000999202	0.000998562	0.000991682	0.000997122	0.000994882	0.0010312	0.00102864	0.000988642	0.000995522	0.000996322
1	16777216	1	30	0.00195504	0.00199504	0.00199504	0.0019792	0.00198048	0.00193936	0.0019472	0.00196832	0.00193712	0.00197056	0.0019803200000000003	0.00197184	0.00198848	0.0019369600000000002	0.00197024	0.00196544	0.00196352	0.00197408	0.00198272	0.00194144	0.0019561599999999998	0.00191472	0.001936	0.00199072	0.00200432	0.00194224	0.00193472	0.00194624	0.00194304	0.001932
1	33554432	1	42	0.00385089	0.00381345	0.00378721	0.00387681	0.00384177	0.00384593	0.00389921	0.00383281	0.00383905	0.00380657	0.00382593	0.0038948900000000002	0.0038323299999999997	0.00380721	0.00384673	0.00383201	0.00379169	0.00378081	0.00381329	0.00384817	0.00385777	0.0038230499999999997	0.0037902499999999998	0.0038376100000000004	0.00384577	0.0038747300000000003	0.0038051300000000003	0.00387921	0.0038158500000000004	0.0038668900000000004	0.00381281	0.0037998500000000004	0.00380673	0.00383457	0.0037876900000000002	0.00386033	0.00384001	0.00379041	0.0038219300000000003	0.0038262500000000002	0.00381905	0.00383217
1	67108864	1	32	0.00857074	0.00852018	0.00848706	0.00843474	0.00852498	0.008458259999999999	0.00848834	0.0085141	0.00856658	0.008535220000000001	0.008480660000000001	0.00849922	0.008603540000000002	0.00855538	0.00852258	0.00857058	0.00851698	0.0085269	0.00856242	0.00848722	0.00857634	0.00845922	0.00844946	0.00850066	0.008512819999999999	0.00843826	0.008496980000000001	0.0085213	0.008502580000000001	0.00850562	0.00848386	0.00842434
1	134217728	1	49	0.0177346	0.017682	0.0178144	0.017558900000000002	0.017628	0.0177487	0.017595700000000002	0.0177492	0.0178223	0.017714900000000002	0.0178404	0.0178077	0.017770800000000003	0.0176245	0.01788	0.0177116	0.017761600000000002	0.0176999	0.0177711	0.0178109	0.017785799999999997	0.017863900000000002	0.0176141	0.017784400000000002	0.0176672	0.0177202	0.017770800000000003	0.0175746	0.017803899999999998	0.0177597	0.017911200000000002	0.0177327	0.018005800000000002	0.017799099999999998	0.017693999999999998	0.0178887	0.0180095	0.0176824	0.0177352	0.0176356	0.017803100000000002	0.0176586	0.017823699999999998	0.017830600000000002	0.017878599999999998	0.017640999999999997	0.0178076	0.0176644	0.017835200000000002
1	268435456	1	35	0.0360206	0.0358582	0.036009700000000006	0.036142200000000006	0.035617800000000005	0.0359407	0.036109499999999996	0.03580490000000001	0.0357255	0.036133000000000005	0.036036900000000004	0.0357114	0.035854300000000006	0.0359842	0.0358522	0.035968400000000005	0.0357431	0.0360169	0.035961799999999995	0.0357938	0.0358895	0.0359545	0.0360975	0.0361057	0.035935299999999996	0.0357052	0.0357098	0.035885	0.0358756	0.0357665	0.0361782	0.035784100000000006	0.03582780000000001	0.0357612	0.0360993
1	536870912	1	30	0.07379300000000001	0.0733362	0.0733762	0.0733219	0.0730896	0.0740513	0.0737637	0.07357129999999999	0.07323009999999999	0.0733137	0.07347369999999999	0.0734092	0.0734524	0.07356570000000001	0.0734477	0.0734658	0.07397150000000001	0.0737696	0.07340980000000001	0.07320900000000001	0.07355339999999999	0.0733279	0.07344750000000001	0.0731576	0.0737305	0.07350480000000001	0.07377	0.07367560000000001	0.07353019999999999	0.0733001
