# Timer(prog='/home/feizheng/i3/rocFFT-internal/build/clients/staging/dyna-rocfft-rider', lib=['/home/feizheng/p1/rocFFT/build/library/src/librocfft.so', '/home/feizheng/i3/rocFFT-internal/build/library/src/librocfft.so'], out=['/home/feizheng/i3/rocFFT-internal/scripts/perf/dir0/radix2_dim2_double_n1_inv_ratio_1_r2c_inplace.dat', '/home/feizheng/i3/rocFFT-internal/scripts/perf/dir1/radix2_dim2_double_n1_inv_ratio_1_r2c_inplace.dat'], log='timing.log', device=0, ntrial=30, direction=1, inplace=True, real=True, precision='double', dimension=2, xmin=256, xmax=32768, ymin=256, ymax=32768, zmin=2, zmax=1024, radix=2, nbatch=1, problem_file=None)
# dimension	xlength	ylength	nbatch	nsample	samples ...
2	256	256	1	34	9.472e-05	5.824e-05	5.5361e-05	4.976e-05	5.1041e-05	4.8480000000000003e-05	5.008e-05	4.816e-05	4.96e-05	4.976e-05	5.024e-05	4.896e-05	5.0401e-05	4.9279999999999996e-05	5.024e-05	4.880000000000001e-05	4.880000000000001e-05	4.688e-05	4.944e-05	5.04e-05	4.896e-05	5.008e-05	4.9441e-05	4.6399999999999996e-05	4.880000000000001e-05	4.880000000000001e-05	4.816e-05	4.9279999999999996e-05	4.672e-05	4.912e-05	4.7680000000000004e-05	4.896e-05	4.96e-05	4.944e-05
2	512	512	1	31	7.712e-05	6.496e-05	6.576e-05	6.336e-05	6.736e-05	6.32e-05	6.416e-05	6.304e-05	6.256000000000001e-05	6.32e-05	6.512e-05	6.128e-05	6.192e-05	6.176e-05	6.384e-05	6.24e-05	6.144000000000001e-05	6.288000000000001e-05	6.144000000000001e-05	6.608e-05	6.256000000000001e-05	6.288000000000001e-05	6.368e-05	6.256000000000001e-05	6.560000000000001e-05	6.24e-05	6.288000000000001e-05	6.447999999999999e-05	6.3201e-05	6.224e-05	6.384e-05
2	1024	1024	1	30	0.00012592000000000001	0.00011616	0.0001144	0.00011616	0.00011296	0.000111201	0.0001088	0.0001088	0.00011296	0.00011168	0.00011472	0.00010832	0.00011248	0.00011728	0.0001144	0.000112	0.00011376000000000001	0.00011056100000000001	0.00011008	0.00011504000000000001	0.00011088000000000001	0.000108481	0.00010912	0.00011104000000000001	0.00011264	0.00011296	0.000111201	0.00011232000000000001	0.00010847999999999999	0.00010960000000000001
2	2048	2048	1	37	0.000378241	0.000373281	0.00037248100000000003	0.000371361	0.00037040099999999997	0.000387521	0.000373921	0.000365281	0.000368801	0.000372961	0.000366081	0.000371361	0.00037520100000000003	0.000375041	0.00037104	0.00037200100000000006	0.00036544100000000004	0.000368641	0.000372641	0.000366081	0.000369761	0.000366401	0.00037264000000000004	0.00037360100000000004	0.000411361	0.00036672	0.000373441	0.000367521	0.000369121	0.00037088100000000004	0.00036512000000000003	0.00037680000000000005	0.000367841	0.000375361	0.000374241	0.000368801	0.000372
2	4096	4096	1	30	0.00137536	0.00138528	0.00136272	0.00138	0.00136016	0.0013688	0.0013713599999999999	0.0013712	0.00136432	0.00136	0.0013531200000000002	0.0013704000000000001	0.00134848	0.00138624	0.00138304	0.00136816	0.00137744	0.00136752	0.00136464	0.00136256	0.00136032	0.00136224	0.00137216	0.001392	0.00136304	0.00135664	0.00136816	0.00135232	0.0013604799999999998	0.00137632
2	8192	8192	1	30	0.0069155300000000005	0.00696113	0.0069774500000000005	0.006987210000000001	0.00696593	0.006978570000000001	0.00700785	0.00697873	0.006945450000000001	0.0069472100000000005	0.006944810000000001	0.00695489	0.00701313	0.00698497	0.0069640100000000005	0.00699809	0.00697377	0.00691297	0.006967050000000001	0.0069924900000000005	0.0069592099999999995	0.00699729	0.0069608100000000004	0.00699457	0.00699857	0.0069572900000000005	0.00700849	0.0069924900000000005	0.00695057	0.00689233
2	16384	16384	1	30	0.0428706	0.035452199999999996	0.0355221	0.035406799999999995	0.035413	0.0356284	0.0355577	0.0356089	0.0356164	0.035505499999999995	0.035648200000000005	0.0354852	0.0354886	0.0354822	0.035618000000000004	0.035488900000000004	0.03560410000000001	0.035556399999999995	0.035473199999999996	0.035564700000000005	0.0354553	0.03567240000000001	0.035644100000000005	0.035405200000000005	0.0355505	0.0355558	0.0356473	0.0357498	0.0357098	0.0355404
2	32768	32768	1	30	0.140588	0.140544	0.140632	0.140509	0.140604	0.140762	0.140461	0.140625	0.140514	0.14087799999999998	0.140942	0.140732	0.140696	0.140768	0.14078200000000002	0.14055	0.14063	0.14066	0.14054	0.140662	0.14044900000000002	0.140683	0.14052699999999999	0.140808	0.14075800000000002	0.14062	0.140745	0.14081000000000002	0.14059200000000002	0.140791
