# Timer(prog='/home/feizheng/i3/rocFFT-internal/build/clients/staging/dyna-rocfft-rider', lib=['/home/feizheng/p1/rocFFT/build/library/src/librocfft.so', '/home/feizheng/i3/rocFFT-internal/build/library/src/librocfft.so'], out=['/home/feizheng/i3/rocFFT-internal/scripts/perf/dir0/radix3_dim1_double_n1_c2c_outofplace.dat', '/home/feizheng/i3/rocFFT-internal/scripts/perf/dir1/radix3_dim1_double_n1_c2c_outofplace.dat'], log='timing.log', device=0, ntrial=30, direction=-1, inplace=False, real=False, precision='double', dimension=1, xmin=2187, xmax=536870912, ymin=2, ymax=1024, zmin=2, zmax=1024, radix=3, nbatch=1, problem_file=None)
# dimension	xlength	nbatch	nsample	samples ...
1	2187	1	30	5.632e-05	4.944e-05	4.896e-05	4.8480000000000003e-05	4.896e-05	4.912e-05	4.896e-05	4.992e-05	4.9279999999999996e-05	3.904e-05	3.856e-05	4.96e-05	4.992e-05	4.9279999999999996e-05	3.92e-05	4.8480000000000003e-05	3.8719999999999995e-05	4.880000000000001e-05	4.96e-05	4.896e-05	4.8e-05	3.904e-05	4.896e-05	4.96e-05	4.8e-05	4.8320000000000005e-05	4.880000000000001e-05	3.7760000000000004e-05	4.8480000000000003e-05	4.992e-05
1	6561	1	30	6.768e-05	5.264e-05	5.248e-05	4.032e-05	5.36e-05	4.672e-05	4.0321e-05	5.0560000000000004e-05	4.128e-05	5.088e-05	5.04e-05	3.888e-05	3.936e-05	4.016e-05	4e-05	3.968e-05	3.968e-05	3.936e-05	4.032e-05	4.096e-05	4.128e-05	4.0480000000000005e-05	4.0480000000000005e-05	4.08e-05	4.0480000000000005e-05	4.0641e-05	4.0480000000000005e-05	4.08e-05	3.968e-05	3.936e-05
1	19683	1	34	8.287999999999999e-05	6.560100000000001e-05	6.24e-05	5.296e-05	5.3920000000000006e-05	5.9520000000000006e-05	5.4239999999999996e-05	5.472e-05	5.4239999999999996e-05	5.296e-05	5.856e-05	5.264e-05	5.312e-05	5.28e-05	5.296e-05	5.472e-05	5.456e-05	5.1841e-05	5.296e-05	5.376e-05	5.456e-05	5.36e-05	5.52e-05	5.5520000000000004e-05	5.44e-05	5.4080000000000004e-05	5.344e-05	5.8880000000000005e-05	5.248e-05	5.216e-05	5.2e-05	5.184e-05	5.184e-05	5.2e-05
1	59049	1	30	0.00010352	8.448e-05	8.256e-05	7.712e-05	7.84e-05	7.743999999999999e-05	7.808e-05	7.7761e-05	7.7601e-05	7.6321e-05	7.7121e-05	7.7121e-05	7.728e-05	7.792e-05	7.743999999999999e-05	7.584e-05	7.648000000000001e-05	7.392e-05	7.52e-05	7.712e-05	7.456e-05	7.488e-05	7.696000000000001e-05	7.504e-05	7.568e-05	7.552000000000001e-05	7.536e-05	7.728e-05	7.568e-05	7.744099999999999e-05
1	177147	1	30	0.00011840100000000001	0.00010752	0.00010544000000000001	0.00010176	0.00010464	0.000104	0.0001016	0.00010240000000000001	0.00010352	0.000106241	0.00010672	0.00010127999999999999	0.00010272	0.00010256	0.00010384000000000001	9.984e-05	9.888e-05	0.00010272	0.00010016	0.00010288	9.9521e-05	0.00010192	0.00010256	0.000104801	0.00010127999999999999	0.00010272	9.855999999999999e-05	0.00010064	9.968000000000001e-05	0.00010368
1	531441	1	39	0.00015376000000000002	0.000142881	0.000148	0.00014432100000000002	0.00014863999999999999	0.00014384	0.00014256	0.00014208000000000002	0.00014288000000000001	0.00014335999999999998	0.000139361	0.00014144100000000002	0.00014096	0.00014272000000000002	0.00014192	0.000143841	0.00014304	0.00014112	0.00014144	0.00014352100000000002	0.000142561	0.00014047999999999998	0.0001416	0.00014208000000000002	0.00013904	0.0001408	0.00014032	0.00014176100000000001	0.00014544099999999998	0.00014688	0.00014112	0.00014192	0.00014096	0.00014224000000000002	0.000143681	0.000140321	0.000140641	0.000144	0.00014607999999999998
1	1594323	1	43	0.000400321	0.00038464	0.00038544	0.000388641	0.000390881	0.000384641	0.00038752	0.00038256	0.000382881	0.000400001	0.00038608100000000003	0.000380481	0.000379521	0.000390881	0.00038304100000000003	0.00038288	0.000389441	0.00038672099999999997	0.00038256	0.00038096100000000003	0.000390401	0.000391361	0.00042848100000000003	0.000389121	0.000379681	0.00038	0.000388001	0.00038304	0.00038608100000000003	0.000383201	0.00038879999999999996	0.00039104	0.000380001	0.000388961	0.000386561	0.0003912	0.00038032100000000003	0.000382721	0.00039008	0.000387361	0.00038400099999999997	0.000395521	0.000382881
1	4782969	1	30	0.0010689599999999999	0.00105792	0.00104544	0.00104832	0.00104112	0.00105648	0.0010475200000000001	0.0010571200000000002	0.0010584	0.0010396799999999999	0.00104976	0.00104656	0.0010524800000000002	0.00104416	0.0010496000000000001	0.00104176	0.00104688	0.001052	0.00105392	0.00105472	0.00105104	0.00108992	0.00104224	0.00104944	0.00104304	0.00105296	0.0010416000000000002	0.0010491200000000002	0.00105328	0.00105296
1	14348907	1	30	0.00349745	0.00347761	0.00347457	0.00347008	0.00351233	0.0034753699999999998	0.00346545	0.00349409	0.0034836900000000002	0.00346609	0.00346033	0.00347969	0.0035009700000000004	0.00346385	0.00348977	0.0034742500000000003	0.00349009	0.00348401	0.00347473	0.0034702500000000002	0.00348977	0.0034611299999999998	0.0034979300000000002	0.00345889	0.00347409	0.00347137	0.00347009	0.00346737	0.0034694500000000002	0.0034836900000000002
1	43046721	1	44	0.0126296	0.0126123	0.0125944	0.0126016	0.0125632	0.0125221	0.0126303	0.0125333	0.012610300000000001	0.012603999999999999	0.0125821	0.0126023	0.0125467	0.0126083	0.0126023	0.0126459	0.0125824	0.0125367	0.0125795	0.012591100000000001	0.012608000000000001	0.0125587	0.0125723	0.0126037	0.0125751	0.012605600000000002	0.0126341	0.012633100000000001	0.0126237	0.012611200000000001	0.012557800000000001	0.0126045	0.0126082	0.012594300000000001	0.012601800000000002	0.012633100000000001	0.0125655	0.012586100000000001	0.0126144	0.0126077	0.0125826	0.0125819	0.0125517	0.012543200000000001
1	129140163	1	35	0.041770600000000005	0.0417223	0.0418183	0.0417468	0.041709	0.0417782	0.0418089	0.0417153	0.041799300000000005	0.0417372	0.04176680000000001	0.041794	0.0417178	0.0417599	0.0417265	0.041753700000000005	0.0417286	0.041838600000000004	0.0417319	0.0417345	0.0417684	0.041733400000000004	0.0417682	0.0418455	0.0417828	0.041816200000000005	0.041773000000000005	0.0418094	0.0417326	0.041836700000000004	0.0416686	0.0417108	0.0417476	0.0417905	0.0417562
1	387420489	1	45	0.125896	0.126005	0.125999	0.12607200000000002	0.125931	0.126051	0.125939	0.126025	0.126006	0.12590900000000002	0.125896	0.125981	0.126074	0.126055	0.126098	0.125997	0.125945	0.12604	0.12615	0.126082	0.126034	0.126034	0.126024	0.126058	0.12593200000000002	0.126035	0.12604600000000002	0.126082	0.126065	0.12601	0.126023	0.126071	0.125988	0.126114	0.126035	0.126031	0.12607200000000002	0.126128	0.125914	0.126071	0.126009	0.126116	0.126166	0.126148	0.126023
