# Timer(prog='/home/feizheng/i3/rocFFT-internal/build/clients/staging/dyna-rocfft-rider', lib=['/home/feizheng/p1/rocFFT/build/library/src/librocfft.so', '/home/feizheng/i3/rocFFT-internal/build/library/src/librocfft.so'], out=['/home/feizheng/i3/rocFFT-internal/scripts/perf/dir0/radix3_dim1_double_n1_inv_r2c_inplace.dat', '/home/feizheng/i3/rocFFT-internal/scripts/perf/dir1/radix3_dim1_double_n1_inv_r2c_inplace.dat'], log='timing.log', device=0, ntrial=30, direction=1, inplace=True, real=True, precision='double', dimension=1, xmin=2187, xmax=536870912, ymin=2, ymax=1024, zmin=2, zmax=1024, radix=3, nbatch=1, problem_file=None)
# dimension	xlength	nbatch	nsample	samples ...
1	2187	1	34	7.216e-05	5.84e-05	6.351999999999999e-05	5.84e-05	5.8880000000000005e-05	5.824e-05	6.032e-05	5.84e-05	5.84e-05	5.808e-05	6.096e-05	4.72e-05	5.84e-05	5.856e-05	4.784e-05	5.8880000000000005e-05	4.736e-05	5.824e-05	4.8320000000000005e-05	5.872e-05	5.9040000000000004e-05	4.816e-05	6.032e-05	6.08e-05	5.872e-05	5.76e-05	4.7680000000000004e-05	4.736e-05	4.7681e-05	4.672e-05	4.736e-05	4.8e-05	4.736e-05	5.9040000000000004e-05
1	6561	1	34	8.928e-05	6.24e-05	6.72e-05	6.704000000000001e-05	6.112e-05	5.568e-05	5.9520000000000006e-05	5.968e-05	5.648e-05	6.336e-05	5.728e-05	6.176e-05	6.064e-05	5.4080000000000004e-05	5.312e-05	5.92e-05	5.648e-05	5.6481000000000004e-05	5.312e-05	5.8880000000000005e-05	5.84e-05	5.5520000000000004e-05	5.4239999999999996e-05	7.072e-05	5.9520000000000006e-05	5.6e-05	5.728e-05	5.52e-05	5.4721e-05	5.76e-05	5.84e-05	5.632e-05	5.6160000000000004e-05	5.536e-05
1	19683	1	33	0.00011216	8.128000000000001e-05	8.688e-05	8.112e-05	7.792e-05	8.272000000000001e-05	7.552000000000001e-05	8.096000000000001e-05	7.648000000000001e-05	7.6321e-05	8.287999999999999e-05	7.6e-05	7.616e-05	7.504e-05	7.488e-05	7.648000000000001e-05	7.648000000000001e-05	7.584100000000001e-05	7.616e-05	7.392e-05	7.584e-05	7.584e-05	7.728e-05	7.7121e-05	7.664e-05	7.904e-05	7.824100000000001e-05	7.776e-05	7.408e-05	7.504e-05	7.68e-05	7.648000000000001e-05	7.632e-05
1	59049	1	32	0.00013488	0.00012688	0.00011408	0.00011360000000000001	0.00011456	0.0001176	0.00012336	0.00011808100000000001	0.00011423999999999999	0.00011216	0.00011744	0.000115201	0.00011264	0.00011423999999999999	0.00011376000000000001	0.000113441	0.00011392	0.00011392	0.00011216	0.00011184	0.00010832100000000001	0.00011312	0.00011184	0.00010975999999999999	0.00010944	0.00012064	0.000113121	0.00011216	0.00011072	0.0001128	0.00011136	0.00011312
1	177147	1	52	0.000153121	0.00014896	0.000147841	0.0001472	0.00014224000000000002	0.00014576000000000001	0.00014288000000000001	0.00013952000000000002	0.00013936000000000002	0.00013519999999999998	0.00013568	0.00013424	0.00013952000000000002	0.00013968	0.00013519999999999998	0.00013584	0.000140161	0.00013616	0.00013696	0.000140641	0.0001408	0.00014624	0.00013648099999999998	0.00013728000000000001	0.00013791999999999998	0.00013600000000000003	0.00013712	0.00014112	0.00014368	0.000144	0.00013888	0.00013968	0.00013728000000000001	0.000134401	0.00013664000000000002	0.00013616	0.00013552	0.0001384	0.00013952000000000002	0.00013504	0.000138241	0.00013568	0.00013504	0.00013616	0.000136961	0.00014096	0.00013791999999999998	0.00014272000000000002	0.0001384	0.000140161	0.0001384	0.00014096
1	531441	1	30	0.00023391999999999998	0.00018304100000000003	0.00026416	0.00022176000000000002	0.00026192	0.00018736	0.0001888	0.000222241	0.000183521	0.000180481	0.00022688	0.00022144	0.00018512000000000002	0.00021664	0.00027264	0.000264	0.000187841	0.000184321	0.00023408	0.000222401	0.00022192000000000002	0.00022511999999999999	0.00019088	0.00018224000000000002	0.00022016	0.00018176000000000002	0.000184	0.000218561	0.000266241	0.00022288
1	1594323	1	30	0.000497281	0.00052256	0.00048336099999999997	0.000524321	0.000571521	0.00052608	0.000480161	0.000528161	0.000474881	0.000572321	0.000482881	0.000485281	0.000483041	0.0005120010000000001	0.000530241	0.000487041	0.000539041	0.0005291209999999999	0.0005200010000000001	0.000478081	0.000521921	0.000488641	0.000475841	0.0005254410000000001	0.0005185610000000001	0.000528641	0.000477601	0.000481281	0.000471361	0.0005260810000000001
1	4782969	1	31	0.00135872	0.0012944	0.00134576	0.00134288	0.00130592	0.00133648	0.00131008	0.00135456	0.00131408	0.0013528	0.0013528	0.00134	0.00135344	0.00133552	0.0013177000000000002	0.00130512	0.00135136	0.00129952	0.0013048	0.0013108800000000002	0.00133648	0.0013004800000000001	0.0013032	0.00140192	0.00134704	0.00129504	0.00134624	0.00135088	0.00130256	0.00130912	0.00133584
1	14348907	1	30	0.00436017	0.00429601	0.00434017	0.00431681	0.004285929999999999	0.00429393	0.004276810000000001	0.00429185	0.00431201	0.0042838500000000005	0.0042889700000000005	0.00426657	0.00436033	0.0043276899999999995	0.0042889700000000005	0.00434161	0.00435313	0.00429297	0.00428929	0.00429969	0.00427361	0.00433697	0.004276169999999999	0.00432369	0.0042820900000000005	0.004303530000000001	0.00433505	0.00429169	0.004318570000000001	0.00436033
1	43046721	1	42	0.014762	0.0148296	0.014752800000000002	0.0147738	0.0147972	0.0147954	0.0147792	0.0148263	0.0213292	0.0147707	0.0147525	0.014766600000000001	0.0147691	0.014775100000000001	0.0147986	0.0147331	0.014844300000000001	0.014839100000000001	0.0148119	0.014783899999999999	0.0148117	0.0147618	0.0147867	0.0147759	0.0147697	0.014843199999999999	0.0147493	0.0147478	0.014761	0.0148235	0.014781599999999999	0.0148293	0.0147189	0.0147967	0.014783899999999999	0.014765100000000001	0.0147701	0.0147735	0.0148235	0.014802899999999999	0.0147501	0.014784499999999999
1	129140163	1	30	0.0479353	0.0479737	0.047906199999999996	0.0479647	0.04789500000000001	0.047957099999999996	0.0479451	0.048040900000000004	0.0478345	0.047939	0.0478715	0.0480553	0.0479547	0.047963900000000004	0.0479153	0.047997700000000004	0.0479078	0.047914200000000004	0.047904600000000006	0.0478796	0.047970700000000005	0.0480195	0.047814999999999996	0.0479412	0.04793480000000001	0.047965400000000005	0.0479863	0.0479473	0.0479465	0.0480051
1	387420489	1	30	0.146481	0.146446	0.151154	0.146535	0.146392	0.14647	0.14646199999999998	0.14654499999999998	0.146582	0.146511	0.146769	0.14635800000000002	0.14640899999999998	0.146636	0.146563	0.146573	0.146535	0.14664	0.146574	0.146534	0.146604	0.14671700000000001	0.14674	0.146701	0.146685	0.14667500000000003	0.146679	0.146719	0.146678	0.14664500000000003
