# Timer(prog='/home/feizheng/i3/rocFFT-internal/build/clients/staging/dyna-rocfft-rider', lib=['/home/feizheng/p1/rocFFT/build/library/src/librocfft.so', '/home/feizheng/i3/rocFFT-internal/build/library/src/librocfft.so'], out=['/home/feizheng/i3/rocFFT-internal/scripts/perf/dir0/radix2_dim2_double_n1_ratio_1_r2c_outofplace.dat', '/home/feizheng/i3/rocFFT-internal/scripts/perf/dir1/radix2_dim2_double_n1_ratio_1_r2c_outofplace.dat'], log='timing.log', device=0, ntrial=30, direction=-1, inplace=False, real=True, precision='double', dimension=2, xmin=256, xmax=32768, ymin=256, ymax=32768, zmin=2, zmax=1024, radix=2, nbatch=1, problem_file=None)
# dimension	xlength	ylength	nbatch	nsample	samples ...
2	256	256	1	30	0.000126241	5.936000000000001e-05	5.936000000000001e-05	5.1841e-05	5.1841e-05	4.992e-05	5.04e-05	5.28e-05	5.232e-05	5.008e-05	5.2e-05	5.2e-05	4.976e-05	5.0560000000000004e-05	5.024e-05	5.1040000000000006e-05	5.1040000000000006e-05	4.8961e-05	5.088e-05	5.1200000000000004e-05	5.0560000000000004e-05	5.1681e-05	5.1040000000000006e-05	4.992e-05	4.880000000000001e-05	4.736e-05	4.8320000000000005e-05	4.8320000000000005e-05	5.1040000000000006e-05	4.944e-05
2	512	512	1	30	0.000124	7.568e-05	6.864000000000001e-05	6.895999999999999e-05	6.800000000000001e-05	6.895999999999999e-05	7.439999999999999e-05	6.64e-05	6.672e-05	6.88e-05	6.784e-05	6.672e-05	6.704000000000001e-05	6.48e-05	7.008e-05	6.64e-05	6.72e-05	6.704100000000001e-05	6.832000000000001e-05	6.784e-05	6.48e-05	6.7681e-05	6.784e-05	6.848e-05	6.928e-05	6.864000000000001e-05	6.848e-05	6.832000000000001e-05	6.832000000000001e-05	6.752e-05
2	1024	1024	1	40	0.000126881	0.00011504000000000001	0.0001104	0.00011423999999999999	0.00011392	0.000111201	0.00011856	0.00011664	0.00010847999999999999	0.00011008	0.00011648	0.0001104	0.00011936	0.00010975999999999999	0.00011840100000000001	0.00011872000000000002	0.000117441	0.00011119999999999999	0.00011904000000000001	0.000113921	0.00011296	0.00011056000000000001	0.00010864	0.00010992	0.00010928000000000001	0.0001176	0.00011792	0.00012288000000000002	0.00011008	0.00010975999999999999	0.000119361	0.00011184	0.00010975999999999999	0.00010992	0.000117281	0.00011744	0.00011152099999999999	0.00011119999999999999	0.0001104	0.000116321
2	2048	2048	1	30	0.00037312099999999997	0.000366401	0.00036464	0.00036112	0.00035824	0.00036208000000000003	0.000360961	0.00037632100000000004	0.00036368	0.00036336	0.00036096	0.00036192	0.00036031999999999997	0.00036432	0.00035999999999999997	0.00036336	0.00036288	0.00036480000000000003	0.000363681	0.00036016	0.000361441	0.000362081	0.000362081	0.00036271999999999997	0.00036112	0.000358721	0.0003624	0.000364	0.00036031999999999997	0.00036112
2	4096	4096	1	30	0.00134049	0.0013142499999999999	0.00130704	0.0013204800000000002	0.0013216	0.00133296	0.0013192	0.00131056	0.0013448	0.00134128	0.0013136	0.0013171200000000002	0.0013368	0.0013096000000000002	0.0013151999999999999	0.00134432	0.00133376	0.0013233600000000002	0.00132912	0.00132832	0.0013235200000000001	0.00133632	0.00132032	0.0013048	0.00134608	0.00131744	0.00133712	0.00132576	0.0013352	0.00134304
2	8192	8192	1	31	0.0060312099999999995	0.00603953	0.00604289	0.00601537	0.006045930000000001	0.00604033	0.00602833	0.0060344100000000005	0.00604161	0.006013930000000001	0.00603201	0.00606177	0.00600177	0.006018570000000001	0.00604273	0.006031850000000001	0.006025610000000001	0.00606241	0.00605649	0.00600673	0.006020330000000001	0.00604465	0.00607409	0.005995370000000001	0.00599937	0.00602049	0.00603489	0.00605697	0.00607137	0.00603377	0.00602545
2	16384	16384	1	36	0.0300121	0.0299695	0.030005700000000003	0.0300705	0.0299897	0.0299941	0.0300226	0.029924700000000002	0.029981999999999998	0.0299777	0.0300276	0.0299757	0.029988499999999998	0.0300327	0.0299793	0.0299645	0.0300498	0.0299722	0.0299852	0.0300692	0.0299756	0.0299658	0.0299618	0.0299255	0.0299717	0.0299428	0.0299519	0.029967300000000002	0.029965699999999998	0.029988499999999998	0.029981999999999998	0.0299709	0.029936900000000002	0.0299372	0.0299857	0.0299898
2	32768	32768	1	30	0.128486	0.128274	0.128375	0.128435	0.128379	0.128415	0.12838300000000002	0.12856299999999998	0.128414	0.12835	0.128388	0.128388	0.128445	0.128473	0.12865700000000002	0.128618	0.128419	0.12874000000000002	0.128537	0.128482	0.128553	0.128434	0.128453	0.128612	0.128608	0.128591	0.128502	0.128403	0.128421	0.128494
