# Timer(prog='/home/feizheng/i3/rocFFT-internal/build/clients/staging/dyna-rocfft-rider', lib=['/home/feizheng/p1/rocFFT/build/library/src/librocfft.so', '/home/feizheng/i3/rocFFT-internal/build/library/src/librocfft.so'], out=['/home/feizheng/i3/rocFFT-internal/scripts/perf/dir0/radix3_dim1_double_n1_r2c_outofplace.dat', '/home/feizheng/i3/rocFFT-internal/scripts/perf/dir1/radix3_dim1_double_n1_r2c_outofplace.dat'], log='timing.log', device=0, ntrial=30, direction=-1, inplace=False, real=True, precision='double', dimension=1, xmin=2187, xmax=536870912, ymin=2, ymax=1024, zmin=2, zmax=1024, radix=3, nbatch=1, problem_file=None)
# dimension	xlength	nbatch	nsample	samples ...
1	2187	1	43	7.264e-05	5.92e-05	5.6800000000000005e-05	4.6399999999999996e-05	5.7119999999999995e-05	5.6801e-05	4.6240000000000005e-05	5.776e-05	5.744e-05	5.6800000000000005e-05	5.92e-05	5.792e-05	5.632e-05	5.6800000000000005e-05	5.936000000000001e-05	5.568e-05	5.696e-05	5.6800000000000005e-05	4.576e-05	4.6240000000000005e-05	5.776e-05	5.6160000000000004e-05	5.7761e-05	5.76e-05	5.76e-05	5.6e-05	5.632e-05	5.7119999999999995e-05	5.856e-05	5.776e-05	5.632e-05	5.776e-05	5.8241e-05	4.5600000000000004e-05	5.8880000000000005e-05	4.72e-05	4.6080000000000006e-05	5.776e-05	4.6240000000000005e-05	4.576e-05	4.7361e-05	4.672e-05	5.776e-05
1	6561	1	30	8.72e-05	6.528000000000001e-05	5.9040000000000004e-05	6.32e-05	6.016e-05	5.872e-05	6.032e-05	5.856e-05	6.176e-05	8.272000000000001e-05	8.928e-05	5.808e-05	5.296e-05	6e-05	5.2e-05	5.28e-05	5.1040000000000006e-05	5.312e-05	5.872e-05	5.072e-05	5.264e-05	5.376e-05	5.1041e-05	5.152e-05	5.024e-05	6.816e-05	5.632e-05	6.895999999999999e-05	7.008e-05	5.344e-05
1	19683	1	30	0.00011152	8.336e-05	8.624e-05	8.784e-05	8.752e-05	7.616e-05	7.664e-05	8.352e-05	7.568e-05	7.6961e-05	7.68e-05	8.064e-05	7.920000000000001e-05	7.743999999999999e-05	7.648000000000001e-05	7.632e-05	7.696000000000001e-05	7.76e-05	7.743999999999999e-05	7.808e-05	7.743999999999999e-05	7.743999999999999e-05	7.472e-05	7.728100000000001e-05	7.648000000000001e-05	8.432e-05	7.8401e-05	7.6001e-05	7.728100000000001e-05	7.472e-05
1	59049	1	41	0.00013488	0.0001184	0.00011008	0.000119361	0.00010896	0.00011152099999999999	0.00011088000000000001	0.00011136	0.00011088000000000001	0.00011104000000000001	0.00011072	0.00011216	0.00011168	0.00011423999999999999	0.00011504000000000001	0.000113921	0.00011423999999999999	0.00011472	0.000113921	0.00011232100000000001	0.000112	0.00011264100000000001	0.00012768	0.0001104	0.0001088	0.0001088	0.00010672	0.00010992	0.000107201	0.00010688	0.000109121	0.00011296	0.00011072	0.00010960000000000001	0.00011119999999999999	0.00011216	0.000112	0.0001104	0.00010928000000000001	0.00010960000000000001	0.00011088000000000001
1	177147	1	30	0.00015504100000000002	0.00014480000000000002	0.00014176	0.00014560000000000002	0.00014000000000000001	0.000135681	0.00014096	0.00014480000000000002	0.000136161	0.0001392	0.00013888	0.00013680000000000002	0.00014192	0.00014208000000000002	0.000136641	0.00013791999999999998	0.00013776	0.000135201	0.00013616	0.00013536	0.00013744	0.00013744	0.000135841	0.00014256	0.00013776	0.00013808100000000002	0.0001392	0.00013808	0.00014000099999999998	0.00014192
1	531441	1	33	0.00019728100000000002	0.00018064	0.00018064	0.00018144	0.000180801	0.0001792	0.00018032100000000002	0.00017743999999999998	0.0001752	0.00017792	0.00017536	0.00017552	0.000177281	0.00022112000000000002	0.00017760100000000002	0.00017856	0.00018064	0.00017760100000000002	0.00017872	0.00017632000000000002	0.000176641	0.000177121	0.00017808	0.00017808	0.000178081	0.00017808	0.00017776	0.000222241	0.00017743999999999998	0.00017743999999999998	0.000218881	0.00017792	0.00017792
1	1594323	1	30	0.000485281	0.000468001	0.000511201	0.00046864	0.000512161	0.000468161	0.000475041	0.000460161	0.000464961	0.000462561	0.00046016000000000004	0.000470721	0.00046560000000000004	0.00046096	0.000466881	0.000527361	0.000462241	0.000460961	0.000468481	0.000464481	0.000471041	0.00047024100000000004	0.00046400000000000006	0.00046144000000000003	0.000464961	0.000516161	0.00046624100000000005	0.00046480100000000004	0.000458721	0.00045968100000000003
1	4782969	1	32	0.001296	0.00126304	0.0012656000000000002	0.00126848	0.00126288	0.0012609600000000002	0.0012740800000000001	0.0012664	0.00128352	0.00125968	0.00127904	0.0012696	0.00133472	0.00127088	0.00126528	0.00130368	0.00127328	0.00132448	0.00127296	0.0012607999999999999	0.00127904	0.00128336	0.0012609600000000002	0.00126384	0.0012780800000000002	0.00128336	0.00132864	0.0012745599999999999	0.00127392	0.0012779199999999999	0.0012704	0.0012654399999999998
1	14348907	1	31	0.00414693	0.00412609	0.00411329	0.00413441	0.00415585	0.00413345	0.00411505	0.00412193	0.00412929	0.0041499300000000005	0.00414657	0.00414545	0.00415217	0.0041332899999999995	0.00414785	0.00414065	0.00413377	0.00419041	0.00414753	0.004157930000000001	0.00412689	0.00416449	0.004117770000000001	0.00412081	0.00416289	0.00420337	0.00414609	0.00411761	0.00417249	0.00419073	0.00411297
1	43046721	1	33	0.0145817	0.0145456	0.014589000000000001	0.0145773	0.014537000000000001	0.014566599999999999	0.014537900000000001	0.014635	0.0145853	0.014517799999999999	0.0145443	0.0145732	0.0145573	0.014534700000000001	0.0145477	0.0145587	0.0145451	0.014567700000000001	0.014545500000000001	0.0145349	0.0146123	0.0146223	0.014530900000000001	0.0145746	0.014539	0.0145512	0.0145701	0.0145396	0.0145447	0.0145231	0.014533899999999999	0.0145726	0.0145701
1	129140163	1	47	0.0473298	0.0472772	0.047287100000000006	0.047371899999999995	0.0472841	0.047315600000000006	0.0473694	0.0473502	0.047396299999999995	0.0472919	0.0473729	0.04737960000000001	0.047399500000000004	0.0473179	0.0474191	0.0473673	0.0473491	0.0474134	0.0472961	0.0472974	0.04740250000000001	0.047347099999999996	0.0474111	0.047455	0.047362299999999996	0.047427000000000004	0.0473502	0.0473524	0.0473566	0.047397100000000005	0.0473705	0.0474035	0.04741	0.0473921	0.047434	0.047379	0.0474126	0.047310000000000005	0.047387099999999995	0.047307800000000004	0.0474484	0.0473841	0.0473222	0.047339599999999996	0.0474337	0.0473663	0.0474169
1	387420489	1	30	0.144457	0.14457	0.14455199999999999	0.144568	0.14447000000000002	0.144543	0.144444	0.14447900000000002	0.144596	0.144625	0.144527	0.144617	0.144625	0.14453800000000003	0.144607	0.144708	0.14465899999999998	0.14447900000000002	0.144629	0.144597	0.144577	0.14463	0.14463499999999999	0.144504	0.144589	0.144612	0.144753	0.144653	0.14474	0.14477099999999998
