# Timer(prog='/home/feizheng/i3/rocFFT-internal/build/clients/staging/dyna-rocfft-rider', lib=['/home/feizheng/p1/rocFFT/build/library/src/librocfft.so', '/home/feizheng/i3/rocFFT-internal/build/library/src/librocfft.so'], out=['/home/feizheng/i3/rocFFT-internal/scripts/perf/dir0/radix2_dim1_double_n1_inv_r2c_inplace.dat', '/home/feizheng/i3/rocFFT-internal/scripts/perf/dir1/radix2_dim1_double_n1_inv_r2c_inplace.dat'], log='timing.log', device=0, ntrial=30, direction=1, inplace=True, real=True, precision='double', dimension=1, xmin=2048, xmax=536870912, ymin=2, ymax=1024, zmin=2, zmax=1024, radix=2, nbatch=1, problem_file=None)
# dimension	xlength	nbatch	nsample	samples ...
1	2048	1	30	5.8241e-05	4.112e-05	4.0161000000000004e-05	4.1281e-05	4.1281e-05	3.984e-05	3.9201e-05	4.1439999999999996e-05	4.016e-05	4.0640000000000004e-05	4.1281e-05	4.0321e-05	4.0161000000000004e-05	4.3520000000000003e-05	3.9841e-05	4.2720000000000004e-05	4.0960999999999996e-05	4.016e-05	3.3601e-05	3.36e-05	4.1121e-05	3.3761e-05	4.0161000000000004e-05	4.176e-05	4.032e-05	3.2801e-05	3.984e-05	3.9201e-05	3.3441e-05	3.168e-05
1	4096	1	38	5.968e-05	7.056e-05	8.624e-05	4.1439999999999996e-05	4.24e-05	4.208e-05	4.3520000000000003e-05	4.2721e-05	4.112e-05	4.16e-05	4.1441e-05	4.208e-05	3.5520000000000006e-05	3.6000999999999996e-05	3.5839999999999996e-05	3.5520000000000006e-05	4.192e-05	4.2720000000000004e-05	4.208e-05	4.1281e-05	4.112e-05	3.52e-05	4.1761e-05	3.7120000000000004e-05	4.1439999999999996e-05	4.192e-05	4.0321e-05	3.6e-05	3.52e-05	3.664e-05	3.44e-05	3.616e-05	3.5520000000000006e-05	5.3441000000000006e-05	5.168e-05	3.5680000000000004e-05	3.5839999999999996e-05	3.5520000000000006e-05
1	8192	1	30	7.728e-05	5.728e-05	5.728e-05	5.44e-05	5.584e-05	5.6160000000000004e-05	5.536e-05	5.472e-05	5.536e-05	4.48e-05	5.5520000000000004e-05	5.52e-05	5.568e-05	4.4641e-05	5.6160000000000004e-05	5.6800000000000005e-05	4.5600000000000004e-05	5.6160000000000004e-05	4.464e-05	5.5520000000000004e-05	5.648e-05	5.472e-05	5.568e-05	5.584e-05	5.5520000000000004e-05	5.568e-05	5.536e-05	5.504e-05	5.4879999999999996e-05	4.416e-05
1	16384	1	30	9.007999999999999e-05	7.136000000000001e-05	6.592e-05	5.7281e-05	5.968e-05	7.0401e-05	7.184e-05	6.768e-05	5.008e-05	5.8880000000000005e-05	6.2721e-05	5.6160000000000004e-05	4.880000000000001e-05	5.04e-05	4.992e-05	5.3920000000000006e-05	4.8320000000000005e-05	5.2e-05	5.3280000000000005e-05	4.896e-05	5.6800000000000005e-05	5.2e-05	6.336e-05	5.04e-05	5.1200000000000004e-05	5.232e-05	4.656e-05	5.296e-05	5.0560000000000004e-05	5.088e-05
1	32768	1	30	7.728e-05	6.176e-05	6.336e-05	6.176e-05	6.0961e-05	6.304e-05	5.9040000000000004e-05	5.6640000000000007e-05	6.608e-05	6.560000000000001e-05	5.1040000000000006e-05	6.128e-05	5.4561e-05	5.92e-05	4.944e-05	5.2e-05	5.024e-05	5.6640000000000007e-05	5.744e-05	5.6800000000000005e-05	4.9279999999999996e-05	5.696e-05	4.992e-05	5.92e-05	5.632e-05	5.568e-05	5.216e-05	4.944e-05	5.9041000000000006e-05	4.8641e-05
1	65536	1	57	8.512e-05	6.08e-05	6.16e-05	6.24e-05	6.096e-05	5.52e-05	5.3920000000000006e-05	5.456e-05	6.432000000000001e-05	5.4239999999999996e-05	5.472e-05	5.456e-05	5.4081e-05	5.5520000000000004e-05	5.536e-05	5.44e-05	6.816e-05	6.064e-05	5.36e-05	5.264e-05	5.296e-05	5.152e-05	5.3280000000000005e-05	5.296e-05	5.152e-05	5.184e-05	5.184e-05	5.232e-05	5.168e-05	5.376e-05	5.264e-05	5.3280000000000005e-05	5.3280000000000005e-05	5.376e-05	5.2e-05	5.232e-05	5.376e-05	5.264e-05	5.456e-05	5.264e-05	5.232e-05	5.4080000000000004e-05	5.36e-05	5.36e-05	5.4239999999999996e-05	5.3920000000000006e-05	5.472e-05	5.3121e-05	6.32e-05	5.472e-05	5.3281e-05	5.232e-05	5.36e-05	5.232e-05	5.296e-05	5.072e-05	5.136e-05
1	131072	1	30	7.312e-05	7.12e-05	6.800000000000001e-05	6.48e-05	6.16e-05	6.16e-05	6.48e-05	6.928e-05	7.04e-05	6e-05	6.192e-05	6.16e-05	6.16e-05	6.256100000000001e-05	6.272e-05	6.048e-05	6.08e-05	6.128e-05	6.128e-05	6.176100000000001e-05	6.16e-05	6.176e-05	6.192e-05	5.92e-05	6.096e-05	6.128e-05	6.192e-05	6.304e-05	6.064e-05	6.192e-05
1	262144	1	30	0.00014384	9.744e-05	9.583999999999999e-05	8.896e-05	8.656e-05	9.568e-05	8.928e-05	9.6e-05	9.632e-05	9.744e-05	8.944000000000001e-05	9.0241e-05	8.8e-05	8.672000000000001e-05	8.816000000000001e-05	8.608e-05	8.592099999999999e-05	8.56e-05	9.344e-05	9.504e-05	8.6401e-05	9.216000000000001e-05	9.520000000000001e-05	8.592e-05	9.6161e-05	8.784e-05	9.632e-05	9.456e-05	8.88e-05	9.168e-05
1	524288	1	34	0.00014192	0.000128	0.0001296	0.00012784000000000002	0.00012832	0.00012912	0.000128001	0.000126721	0.000126241	0.00012464100000000002	0.00012623999999999998	0.000124	0.00012272	0.00012336	0.00012895999999999999	0.00012384	0.000124	0.0001224	0.00012432	0.0001232	0.00012368	0.00012336	0.00012832099999999998	0.00012416	0.00012368	0.00012416	0.000124	0.00012336	0.00012848000000000002	0.00012608	0.000128481	0.0001264	0.0001264	0.00012832
1	1048576	1	30	0.00021376	0.00019824100000000002	0.00019488	0.0001896	0.00019472	0.00019040099999999998	0.00018992	0.00019856099999999998	0.00019040000000000002	0.00019856099999999998	0.00018976000000000003	0.00019104	0.0001968	0.00018848	0.00019552	0.00019728100000000002	0.00018895999999999998	0.000196321	0.00019152	0.00019136	0.00019824	0.00019216	0.0001976	0.00019552	0.00019983999999999998	0.000190561	0.00019072000000000002	0.00019584	0.00018976000000000003	0.00019664000000000001
1	2097152	1	35	0.000308801	0.000332961	0.000330081	0.000327841	0.000323681	0.00032656000000000004	0.000331361	0.00033280100000000003	0.00028944100000000004	0.000328001	0.00032448100000000005	0.00032928000000000005	0.00032432100000000003	0.00032335999999999997	0.00029487999999999997	0.000329441	0.000286081	0.00033152100000000004	0.00033120000000000003	0.00029248	0.00033072	0.00032512000000000003	0.00028768	0.00032416	0.00033024	0.00032912	0.000326561	0.00033056000000000003	0.000330241	0.000333121	0.000325121	0.00032832	0.00033152100000000004	0.00032896	0.000288321
1	4194304	1	34	0.0005377610000000001	0.000528801	0.000526241	0.000566081	0.000523521	0.0005334410000000001	0.000532481	0.0005649610000000001	0.00053392	0.0005313609999999999	0.000524801	0.000532801	0.0005251209999999999	0.000529921	0.000528641	0.000528161	0.000537281	0.000526241	0.0005315220000000001	0.0005265609999999999	0.0005254410000000001	0.000526241	0.000523521	0.000524961	0.0005320009999999999	0.000538081	0.000571201	0.000529921	0.0005252810000000001	0.000537921	0.000524801	0.0005313609999999999	0.000563041	0.000529281
1	8388608	1	30	0.00100416	0.000977762	0.000975521	0.000977762	0.00100976	0.000974882	0.000974241	0.000972642	0.000974082	0.000972482	0.000974882	0.000975842	0.00101296	0.000974082	0.000974402	0.0010136000000000001	0.000972642	0.0009710410000000001	0.000975842	0.000982242	0.000979361	0.0009716820000000001	0.000974882	0.000974193	0.0009702420000000001	0.0009728019999999999	0.000973601	0.000979521	0.000977762	0.000974722
1	16777216	1	30	0.0019496000000000001	0.00191296	0.00191376	0.0019075200000000002	0.00195264	0.00190816	0.0019096	0.00193824	0.0019399999999999999	0.0019264	0.00191792	0.0019344	0.00192384	0.0019256	0.00196	0.0019272	0.00191616	0.00193168	0.00195472	0.0019059200000000002	0.0018995200000000002	0.00190288	0.00193824	0.00193136	0.00191456	0.0019536	0.00192032	0.00191408	0.0019281600000000002	0.0019136000000000001
1	33554432	1	30	0.00384417	0.00385777	0.0037905700000000005	0.00379889	0.00379809	0.0037740900000000003	0.00380273	0.00385809	0.00381969	0.00386177	0.0038740899999999997	0.00377825	0.00386273	0.00378545	0.0038108900000000004	0.00379505	0.00377553	0.00381041	0.00383025	0.00379809	0.00377073	0.00385249	0.0037656100000000004	0.00379505	0.00379121	0.00378321	0.0037944100000000002	0.00377617	0.0038169700000000003	0.00380177
1	67108864	1	35	0.009105779999999999	0.00894994	0.00905106	0.00913378	0.00904258	0.00919714	0.00905938	0.00909954	0.00911362	0.009117459999999999	0.00920306	0.0090261	0.00913954	0.00913218	0.009106260000000001	0.00904018	0.00906322	0.0090741	0.0091213	0.00906562	0.00912866	0.00906594	0.00906082	0.00904626	0.00908834	0.008991059999999999	0.00902674	0.00906626	0.009092180000000002	0.0090325	0.00911298	0.00900498	0.00910642	0.0089949	0.00901682
1	134217728	1	30	0.018112800000000002	0.0180055	0.0180221	0.0181722	0.0181149	0.0181416	0.0181938	0.01814	0.0179956	0.0180829	0.01818	0.018078	0.018182	0.0179728	0.0180652	0.018162	0.018220700000000003	0.018190400000000002	0.0181584	0.0181434	0.0181917	0.0180949	0.0182116	0.0181804	0.0182346	0.0180727	0.0180125	0.0182285	0.0180714	0.0180909
1	268435456	1	35	0.036727600000000006	0.0365271	0.0366113	0.036534	0.036655299999999995	0.0364071	0.0365246	0.036677799999999997	0.0365089	0.0366599	0.0364135	0.0364124	0.0366273	0.036572400000000005	0.0365095	0.03655510000000001	0.0365727	0.036843100000000004	0.036544400000000005	0.0367076	0.0365881	0.0366532	0.036644100000000006	0.0368298	0.0364777	0.0366753	0.0365255	0.036759	0.036557200000000005	0.0364833	0.0365188	0.0366522	0.036692100000000005	0.036700899999999995	0.0364991
1	536870912	1	30	0.07414019999999999	0.074518	0.0739069	0.0743024	0.0744559	0.07415189999999999	0.0742842	0.07386279999999999	0.0742078	0.0738292	0.0745116	0.0746209	0.0741943	0.07416589999999999	0.0739049	0.0742298	0.0742844	0.0814465	0.074366	0.07456890000000001	0.074197	0.07440189999999999	0.0738859	0.0737939	0.0740901	0.0744344	0.0743942	0.0740045	0.07445950000000001	0.0743364
