# Timer(prog='/home/feizheng/i3/rocFFT-internal/build/clients/staging/dyna-rocfft-rider', lib=['/home/feizheng/p1/rocFFT/build/library/src/librocfft.so', '/home/feizheng/i3/rocFFT-internal/build/library/src/librocfft.so'], out=['/home/feizheng/i3/rocFFT-internal/scripts/perf/dir0/radix2_dim1_double_n1_r2c_inplace.dat', '/home/feizheng/i3/rocFFT-internal/scripts/perf/dir1/radix2_dim1_double_n1_r2c_inplace.dat'], log='timing.log', device=0, ntrial=30, direction=-1, inplace=True, real=True, precision='double', dimension=1, xmin=2048, xmax=536870912, ymin=2, ymax=1024, zmin=2, zmax=1024, radix=2, nbatch=1, problem_file=None)
# dimension	xlength	nbatch	nsample	samples ...
1	2048	1	30	4.0640000000000004e-05	4.16e-05	4.016e-05	4.016e-05	4.176e-05	4.112e-05	4.1439999999999996e-05	4.096e-05	4e-05	4.128e-05	4.192e-05	4.176e-05	4.0640000000000004e-05	4.08e-05	3.952e-05	4.0640000000000004e-05	4.128e-05	4e-05	4.128e-05	3.968e-05	4.096e-05	3.2800000000000004e-05	3.376e-05	4.0480000000000005e-05	4.128e-05	3.936e-05	3.2640000000000006e-05	3.184e-05	3.904e-05	3.2640000000000006e-05
1	4096	1	30	4.3360000000000005e-05	4.3520000000000003e-05	4.288e-05	4.2720000000000004e-05	4.304e-05	4.208e-05	4.176e-05	4.3360000000000005e-05	4.288e-05	4.24e-05	4.224e-05	4.288e-05	4.3520000000000003e-05	3.6479999999999996e-05	4.288e-05	4.2720000000000004e-05	4.288e-05	3.696e-05	3.6e-05	3.6479999999999996e-05	3.5680000000000004e-05	3.68e-05	3.808e-05	3.632e-05	3.6e-05	3.7120000000000004e-05	3.6e-05	4.224e-05	3.68e-05	4.2720000000000004e-05
1	8192	1	30	6.192e-05	5.856e-05	5.696e-05	5.744e-05	5.936000000000001e-05	5.9839999999999996e-05	5.792e-05	5.968e-05	4.704e-05	5.808e-05	5.6e-05	5.824e-05	5.9521e-05	5.856e-05	4.6399999999999996e-05	5.6800000000000005e-05	5.792e-05	5.84e-05	5.8880000000000005e-05	5.696e-05	5.7921e-05	5.808e-05	5.808e-05	5.6640999999999995e-05	5.824e-05	5.696e-05	5.584e-05	4.688e-05	5.7119999999999995e-05	5.808e-05
1	16384	1	37	6.592e-05	5.824e-05	5.9520000000000006e-05	5.7119999999999995e-05	5.7601e-05	5.6800000000000005e-05	5.4239999999999996e-05	5.568e-05	4.6881e-05	5.4879999999999996e-05	4.5600000000000004e-05	5.632e-05	5.6160000000000004e-05	4.576e-05	4.6080000000000006e-05	4.5601000000000006e-05	4.688e-05	4.528e-05	4.6399999999999996e-05	4.656e-05	4.6399999999999996e-05	4.688e-05	4.6080999999999995e-05	4.6080000000000006e-05	4.592e-05	4.592e-05	4.5440000000000005e-05	4.528e-05	4.672e-05	4.8e-05	4.592e-05	4.528e-05	4.416e-05	4.656e-05	4.656e-05	4.576e-05	4.6401e-05
1	32768	1	30	7.936e-05	5.456e-05	5.7119999999999995e-05	5.4400999999999996e-05	5.36e-05	8.336e-05	4.864e-05	5.632e-05	4.96e-05	4.912e-05	4.864e-05	5.472e-05	5.648e-05	4.9279999999999996e-05	4.96e-05	4.9279999999999996e-05	4.864e-05	5.1040000000000006e-05	5.024e-05	4.912e-05	5.0560000000000004e-05	4.976e-05	4.992e-05	4.944e-05	4.992e-05	5.008e-05	4.976e-05	4.816e-05	5.28e-05	4.7680000000000004e-05
1	65536	1	33	8.736099999999999e-05	6.447999999999999e-05	5.84e-05	5.92e-05	5.52e-05	5.4879999999999996e-05	5.632e-05	5.4879999999999996e-05	5.3761e-05	5.568e-05	5.536e-05	5.9520000000000006e-05	5.568e-05	5.376e-05	5.44e-05	5.4239999999999996e-05	5.4879999999999996e-05	5.5520000000000004e-05	5.5520000000000004e-05	5.504e-05	5.3441000000000006e-05	5.3920000000000006e-05	5.504e-05	5.44e-05	5.3280000000000005e-05	5.5520000000000004e-05	5.44e-05	5.44e-05	5.584e-05	5.376e-05	5.584e-05	5.312e-05	5.4879999999999996e-05
1	131072	1	32	7.52e-05	7.248000000000001e-05	6.9761e-05	7.008e-05	6.351999999999999e-05	6.416e-05	6.384e-05	6.384e-05	6.351999999999999e-05	6.848e-05	6.272e-05	6.3361e-05	6.288000000000001e-05	6.256000000000001e-05	6.208e-05	6.176e-05	6.32e-05	6.368e-05	6.224e-05	6.096e-05	6.192e-05	6.096e-05	6.192e-05	6.208e-05	6.08e-05	6.176100000000001e-05	6.32e-05	6.192e-05	6.128e-05	6.224e-05	6.24e-05	6.496e-05
1	262144	1	30	0.00011296	9.135999999999999e-05	9.152e-05	9.056e-05	9.088000000000001e-05	9.007999999999999e-05	8.992e-05	8.944000000000001e-05	9.0721e-05	8.88e-05	8.896e-05	8.816000000000001e-05	9.056e-05	8.752e-05	8.832e-05	8.832e-05	8.88e-05	9.0081e-05	8.944000000000001e-05	8.944000000000001e-05	8.48e-05	9.04e-05	8.864e-05	8.8e-05	8.656e-05	8.912e-05	8.672000000000001e-05	8.832e-05	8.592e-05	8.8e-05
1	524288	1	37	0.00014576000000000001	0.00013648	0.000125121	0.00013072	0.0001272	0.00012384	0.00012432	0.00013167999999999999	0.00012736	0.000128	0.000125121	0.00012672	0.000124321	0.00012464	0.00012448	0.00012895999999999999	0.0001296	0.000127041	0.000130241	0.0001248	0.00012608	0.000128	0.00012880000000000001	0.00012816	0.00012784000000000002	0.00012464	0.000124001	0.00012528	0.0001296	0.00012736	0.00012544	0.00012623999999999998	0.00012975999999999998	0.0001264	0.00012784000000000002	0.000128161	0.00012688
1	1048576	1	30	0.00018224099999999998	0.00017136	0.00016624	0.00017072000000000002	0.00016944	0.000201441	0.00016288	0.0001648	0.00017168	0.00020368100000000002	0.00016832	0.000201121	0.0002008	0.00016992	0.00016592100000000003	0.00016624	0.000174401	0.00016800000000000002	0.000174561	0.000166561	0.000198881	0.00016347	0.00020352	0.00016624	0.000201601	0.00017280000000000003	0.00017376	0.00017184	0.00016704	0.00016416100000000002
1	2097152	1	30	0.00030608	0.00029408	0.000298721	0.000329281	0.00033072	0.0002888	0.00032752	0.000329121	0.00029824	0.0003248	0.00032976100000000003	0.000288	0.00032464	0.00032544000000000003	0.000291041	0.000331681	0.000295201	0.00029712	0.00032736	0.00033008	0.00032576	0.00032432100000000003	0.000321121	0.00029776000000000005	0.00033184	0.000328001	0.00028864	0.0003256	0.0003272	0.000323841
1	4194304	1	30	0.000577281	0.000533921	0.000562241	0.000532481	0.000560002	0.000524161	0.00053152	0.000566881	0.000560481	0.000537921	0.000560641	0.0005355210000000001	0.000566081	0.000557921	0.00052832	0.000565761	0.0005667210000000001	0.000536641	0.000578561	0.0005265609999999999	0.0005632009999999999	0.000565281	0.000533921	0.000525761	0.000571682	0.000527201	0.000558882	0.000570882	0.0005673610000000001	0.0005443210000000001
1	8388608	1	41	0.0010048	0.000991842	0.000989442	0.00103008	0.000997442	0.000992001	0.0010336000000000002	0.000993281	0.000986562	0.00102592	0.000992162	0.000990242	0.00102384	0.000995201	0.000987682	0.000993122	0.000990242	0.000993442	0.0010278400000000001	0.000986082	0.0009977620000000001	0.000997601	0.000994882	0.001024	0.000986402	0.000989922	0.00103136	0.000995842	0.000991842	0.000989922	0.000993442	0.000988482	0.000994082	0.000990082	0.000990241	0.000993921	0.0009897620000000002	0.000996642	0.000999042	0.000987842	0.000995842
1	16777216	1	30	0.00196496	0.0019214400000000002	0.0019552000000000003	0.00190992	0.00199072	0.0019496000000000001	0.0019585600000000002	0.0019339200000000002	0.00195744	0.0019664	0.00195568	0.0019446399999999999	0.0019656	0.00194544	0.0019929600000000002	0.0019374400000000001	0.0019648	0.00193712	0.00198704	0.00197488	0.0019432000000000002	0.00196528	0.0019752000000000003	0.00195744	0.00197056	0.00196992	0.00193136	0.00195392	0.00192544	0.00192384
1	33554432	1	30	0.00384257	0.00384577	0.00385153	0.00385489	0.00379825	0.00384609	0.00387873	0.00384881	0.00380145	0.00387105	0.00381857	0.0037798500000000004	0.0038588900000000002	0.00379569	0.00386081	0.00381857	0.00381137	0.00381521	0.00381329	0.00386737	0.00382673	0.00386209	0.00383073	0.0038123300000000005	0.0038193700000000003	0.00392177	0.00388337	0.00383393	0.00381889	0.00382209
1	67108864	1	30	0.00846498	0.00850962	0.0084997	0.0084861	0.00848194	0.00854674	0.00845762	0.00845282	0.00846978	0.00852402	0.00846786	0.00851266	0.008551220000000002	0.008459540000000002	0.00855554	0.008482100000000001	0.00846434	0.00842178	0.00845426	0.0085701	0.00843026	0.00852834	0.00845538	0.00856338	0.00858034	0.00855138	0.00852066	0.00858066	0.00849122	0.00846162
1	134217728	1	30	0.0177642	0.017745999999999998	0.0178173	0.017535900000000004	0.0178044	0.0177277	0.017629000000000002	0.0177119	0.0175808	0.0176093	0.017542000000000002	0.017671600000000003	0.0176989	0.017708400000000003	0.0178692	0.0177136	0.0178032	0.0177944	0.0177437	0.0176364	0.0175872	0.0177274	0.018007600000000002	0.0176549	0.017904800000000002	0.0176311	0.017797	0.017684000000000002	0.0177788	0.017894900000000002
1	268435456	1	30	0.0360823	0.035871	0.035711599999999996	0.0358946	0.0358004	0.0358095	0.0358002	0.035712200000000006	0.03584470000000001	0.0357935	0.0357188	0.0357602	0.0356604	0.0356329	0.035945500000000005	0.0357982	0.0360162	0.0356511	0.035960700000000005	0.0357794	0.036093400000000005	0.0357663	0.0360177	0.0358881	0.0361212	0.0360762	0.0357575	0.035737200000000004	0.0358153	0.0359417
1	536870912	1	30	0.0733727	0.07336780000000001	0.073868	0.0736763	0.07325369999999999	0.0736673	0.0737821	0.0734095	0.0737629	0.0736554	0.0734096	0.0733463	0.0734383	0.0735346	0.0737635	0.07347010000000001	0.0735696	0.0733385	0.0734728	0.073327	0.0734381	0.0734809	0.0740328	0.0737915	0.07398930000000001	0.0735958	0.07351170000000001	0.0734643	0.0734388	0.07371290000000001
