# Timer(prog='/home/feizheng/i3/rocFFT-internal/build/clients/staging/dyna-rocfft-rider', lib=['/home/feizheng/p1/rocFFT/build/library/src/librocfft.so', '/home/feizheng/i3/rocFFT-internal/build/library/src/librocfft.so'], out=['/home/feizheng/i3/rocFFT-internal/scripts/perf/dir0/radix3_dim1_double_n1_r2c_inplace.dat', '/home/feizheng/i3/rocFFT-internal/scripts/perf/dir1/radix3_dim1_double_n1_r2c_inplace.dat'], log='timing.log', device=0, ntrial=30, direction=-1, inplace=True, real=True, precision='double', dimension=1, xmin=2187, xmax=536870912, ymin=2, ymax=1024, zmin=2, zmax=1024, radix=3, nbatch=1, problem_file=None)
# dimension	xlength	nbatch	nsample	samples ...
1	2187	1	31	6.16e-05	5.696e-05	5.7121e-05	4.672e-05	5.824e-05	5.6800000000000005e-05	5.7281e-05	5.6160000000000004e-05	5.792e-05	5.584e-05	5.584e-05	5.44e-05	5.6640000000000007e-05	4.496e-05	4.5440000000000005e-05	5.856e-05	5.7119999999999995e-05	5.6640000000000007e-05	5.6800000000000005e-05	5.6640000000000007e-05	5.824e-05	5.568e-05	5.584e-05	5.632e-05	5.632e-05	5.536e-05	5.6800000000000005e-05	5.584e-05	5.5520000000000004e-05	5.568e-05	4.688e-05
1	6561	1	30	0.000128	6.16e-05	6.4001e-05	5.9839999999999996e-05	6.336e-05	6.176e-05	5.0560000000000004e-05	6.0961e-05	6.447999999999999e-05	6.048e-05	5.312e-05	5.3280000000000005e-05	6.48e-05	5.7441e-05	5.696e-05	5.7119999999999995e-05	5.232e-05	5.76e-05	5.264e-05	4.992e-05	5.0241e-05	5.696e-05	5.6640000000000007e-05	5.7121e-05	5.84e-05	5.04e-05	5.088e-05	5.648e-05	4.992e-05	5.008e-05
1	19683	1	31	0.00010544000000000001	8.528e-05	8.864e-05	7.743999999999999e-05	8.752e-05	8.624e-05	7.712e-05	7.68e-05	7.664e-05	7.76e-05	7.776e-05	7.84e-05	7.952e-05	7.984e-05	7.872e-05	7.856000000000001e-05	7.984e-05	7.8881e-05	7.936e-05	7.888e-05	8e-05	7.920000000000001e-05	8.08e-05	8.128000000000001e-05	7.712e-05	7.52e-05	7.904e-05	7.616e-05	7.648000000000001e-05	7.856000000000001e-05	7.84e-05
1	59049	1	30	0.00012688	0.00011888	0.00012112100000000001	0.000112	0.00011632000000000001	0.0001152	0.00011248	0.00011104100000000001	0.00011152	0.00011312	0.00011168	0.00011360000000000001	0.00011360000000000001	0.00011568	0.00011536000000000001	0.00011072	0.00010784000000000001	0.00010768	0.000109441	0.0001128	0.00011088000000000001	0.00010864	0.00011088000000000001	0.00011376000000000001	0.00011152	0.000111361	0.00010992	0.00010752	0.00010832	0.00010624
1	177147	1	40	0.000152	0.0001384	0.00013856	0.0001384	0.000138401	0.00014032	0.00014000000000000001	0.0001376	0.000137761	0.00013776	0.00013872	0.00013872100000000002	0.00013856	0.00013600000000000003	0.0001376	0.00013648	0.00013744	0.00013632	0.00013376	0.00013088	0.00013247999999999998	0.00013296	0.000135841	0.00013552	0.0001328	0.00014752000000000002	0.00013424	0.00013376099999999998	0.00013600000000000003	0.00013376	0.00013424	0.00013328100000000001	0.00013312	0.00013392000000000002	0.000134721	0.00013744	0.00013664000000000002	0.00013568	0.000135681	0.00013552
1	531441	1	30	0.000194241	0.000224001	0.000225601	0.00018304	0.00018015999999999998	0.00017936	0.00018112	0.00017904000000000002	0.000180481	0.00018208	0.00022480000000000002	0.00017840100000000002	0.00017792	0.00018112100000000002	0.00018032	0.00017760100000000002	0.00017999999999999998	0.000180001	0.000181601	0.00017824	0.00017984	0.0001792	0.00017776	0.0001792	0.000178881	0.00022048	0.00017584	0.00017456	0.000176321	0.00018256000000000001
1	1594323	1	33	0.00048544100000000003	0.00046992000000000003	0.00046624100000000005	0.000461121	0.00047232000000000003	0.000461761	0.00046080100000000005	0.0005206410000000001	0.000466721	0.000459841	0.000464961	0.0005056009999999999	0.0004632	0.00046624100000000005	0.0004704	0.000461121	0.000464961	0.00045808100000000005	0.00047840100000000004	0.000462561	0.000532161	0.000466561	0.00046592	0.000469281	0.000466721	0.000458881	0.000466721	0.00046384	0.0005145600000000001	0.000467361	0.000472321	0.000464481	0.00045872
1	4782969	1	36	0.0013280000000000002	0.00132624	0.00126976	0.0012753600000000001	0.00126533	0.00127392	0.00127472	0.00131664	0.00126688	0.00125392	0.001268	0.00126429	0.001268	0.00126128	0.00127248	0.00127552	0.00131344	0.0012764500000000002	0.00127744	0.0012764800000000002	0.0012563200000000002	0.00127232	0.0012728	0.00125856	0.0012616	0.00128176	0.00126176	0.0012716799999999999	0.00127104	0.00132448	0.0013151999999999999	0.00126352	0.00127904	0.00125504	0.00126816	0.00126752
1	14348907	1	36	0.00418017	0.00413777	0.00416817	0.00411809	0.00413217	0.0041212900000000005	0.00412257	0.00414081	0.00413921	0.0041062500000000005	0.004186410000000001	0.00414577	0.00414769	0.00415841	0.00413793	0.004146250000000001	0.00412017	0.0041331300000000005	0.0041164899999999996	0.00413105	0.00415505	0.00414321	0.00414705	0.004142730000000001	0.0041368099999999994	0.0041214500000000005	0.004124170000000001	0.00414081	0.00412721	0.00412449	0.00410129	0.00413425	0.0041500899999999995	0.00412049	0.00412657	0.00418433
1	43046721	1	30	0.0145747	0.0146251	0.014523300000000001	0.0145877	0.0145819	0.0145618	0.0145482	0.014537699999999999	0.014576	0.0145739	0.014568	0.0145073	0.0145915	0.0145894	0.0145168	0.0145314	0.0145933	0.0145315	0.014632899999999999	0.0146059	0.014569100000000001	0.0145848	0.0145709	0.0145781	0.0145471	0.014556800000000002	0.0145328	0.014541	0.0145912	0.0145087
1	129140163	1	30	0.0473974	0.053842799999999996	0.047366700000000005	0.0473707	0.0473966	0.0473737	0.0473622	0.0473359	0.047347	0.0473999	0.0474182	0.047367	0.0473491	0.0474011	0.0473659	0.0473652	0.0473574	0.0473463	0.047415	0.0474076	0.0473883	0.047307499999999995	0.0473599	0.0473452	0.0474076	0.047304900000000004	0.0473439	0.0473268	0.047353700000000006	0.0473139
1	387420489	1	30	0.144725	0.14466900000000002	0.14472300000000002	0.144823	0.144822	0.14468	0.14469300000000002	0.144828	0.144757	0.14478200000000002	0.14473500000000003	0.144695	0.14486400000000002	0.144662	0.14486400000000002	0.14478200000000002	0.144823	0.144915	0.144848	0.14478	0.144756	0.144831	0.144824	0.144827	0.14475	0.14485499999999998	0.145035	0.1448	0.14493199999999998	0.144906
