# Timer(prog='/home/feizheng/i3/rocFFT-internal/build/clients/staging/dyna-rocfft-rider', lib=['/home/feizheng/p1/rocFFT/build/library/src/librocfft.so', '/home/feizheng/i3/rocFFT-internal/build/library/src/librocfft.so'], out=['/home/feizheng/i3/rocFFT-internal/scripts/perf/dir0/radix2_dim1_double_n1_r2c_inplace.dat', '/home/feizheng/i3/rocFFT-internal/scripts/perf/dir1/radix2_dim1_double_n1_r2c_inplace.dat'], log='timing.log', device=0, ntrial=30, direction=-1, inplace=True, real=True, precision='double', dimension=1, xmin=2048, xmax=536870912, ymin=2, ymax=1024, zmin=2, zmax=1024, radix=2, nbatch=1, problem_file=None)
# dimension	xlength	nbatch	nsample	samples ...
1	2048	1	36	4.1441e-05	4.1439999999999996e-05	4.08e-05	4.112e-05	4.16e-05	4.192e-05	4.0640000000000004e-05	4.112e-05	4.128e-05	4.112e-05	4.096e-05	4.0641e-05	4.176e-05	4.112e-05	4.1921e-05	4.1439999999999996e-05	4e-05	4.16e-05	4.0480000000000005e-05	4.032e-05	3.2800000000000004e-05	3.984e-05	3.2481e-05	4.0480000000000005e-05	4.0480000000000005e-05	3.232e-05	4.0640000000000004e-05	4.08e-05	3.2160000000000004e-05	4.096e-05	3.232e-05	4.032e-05	3.3119999999999995e-05	3.2801e-05	4.24e-05	3.184e-05
1	4096	1	31	4.24e-05	4.304e-05	4.304e-05	4.304e-05	4.3520000000000003e-05	4.384e-05	4.24e-05	4.3360000000000005e-05	4.2720000000000004e-05	4.256e-05	4.192e-05	3.84e-05	4.3360000000000005e-05	3.7120000000000004e-05	4.3520000000000003e-05	3.6479999999999996e-05	4.224e-05	4.224e-05	3.76e-05	4.3200000000000007e-05	3.616e-05	4.3520000000000003e-05	3.664e-05	3.632e-05	3.6479999999999996e-05	3.728e-05	3.6e-05	4.256e-05	3.68e-05	4.16e-05	4.24e-05
1	8192	1	35	5.744e-05	5.6e-05	5.536e-05	5.6640000000000007e-05	5.6e-05	5.7281e-05	5.536e-05	5.472e-05	5.584e-05	5.4879999999999996e-05	5.248e-05	5.344e-05	4.224e-05	5.456e-05	4.72e-05	5.6e-05	5.52e-05	0.00010016	8.704000000000001e-05	5.1041e-05	4.896e-05	4.208e-05	4.3041000000000003e-05	4.880000000000001e-05	4.3679999999999995e-05	4.192e-05	4.4e-05	5.04e-05	4.816e-05	4.24e-05	4.3361e-05	4.432e-05	4.224e-05	4.304e-05	4.304e-05
1	16384	1	30	7.76e-05	5.7119999999999995e-05	5.92e-05	5.504e-05	5.648e-05	5.92e-05	5.6961e-05	5.472e-05	4.528e-05	5.6800000000000005e-05	4.6399999999999996e-05	4.656e-05	4.672e-05	5.728e-05	4.592e-05	4.656e-05	4.6399999999999996e-05	4.656e-05	4.5600000000000004e-05	4.6399999999999996e-05	4.6080999999999995e-05	4.5440000000000005e-05	4.8e-05	4.896e-05	4.592e-05	5.184e-05	4.656e-05	4.5600000000000004e-05	4.6399999999999996e-05	4.672e-05
1	32768	1	40	7.808e-05	5.92e-05	5.44e-05	5.6800000000000005e-05	5.4241e-05	5.568e-05	5.4239999999999996e-05	5.472e-05	5.4239999999999996e-05	5.0560000000000004e-05	5.344e-05	5.0560000000000004e-05	4.9279999999999996e-05	5.088e-05	5.0560000000000004e-05	4.96e-05	5.008e-05	5.344e-05	5.5681000000000004e-05	4.992e-05	5.04e-05	4.992e-05	4.976e-05	5.568e-05	5.1200000000000004e-05	4.9279999999999996e-05	4.976e-05	4.976e-05	5.0560000000000004e-05	4.96e-05	5.072e-05	5.024e-05	4.880000000000001e-05	5.024e-05	4.992e-05	4.9921e-05	4.864e-05	4.896e-05	4.912e-05	4.704e-05
1	65536	1	30	7.12e-05	6.016e-05	6.64e-05	6.064e-05	6.128e-05	5.456e-05	5.472e-05	5.52e-05	5.5841e-05	5.536e-05	5.536e-05	5.4879999999999996e-05	5.584e-05	5.296e-05	5.504e-05	5.296e-05	5.376e-05	5.4080000000000004e-05	5.3601000000000004e-05	5.4879999999999996e-05	5.44e-05	5.4239999999999996e-05	5.44e-05	5.584e-05	5.28e-05	5.216e-05	5.2481e-05	5.3280000000000005e-05	5.536e-05	5.3920000000000006e-05
1	131072	1	30	7.280000000000001e-05	6.88e-05	6.928e-05	6.928e-05	6.3681e-05	6.48e-05	6.256000000000001e-05	6.351999999999999e-05	6.288000000000001e-05	6.16e-05	6.192e-05	6.272e-05	6.895999999999999e-05	6.272e-05	6.192099999999999e-05	6.192e-05	6.24e-05	6.304e-05	6.208e-05	6.224e-05	6.24e-05	6.160100000000001e-05	6.16e-05	6.2401e-05	6.256000000000001e-05	6.224e-05	6.224e-05	6.64e-05	6.4801e-05	6.447999999999999e-05
1	262144	1	32	0.00010464	9.392000000000001e-05	9.408e-05	9.168e-05	8.896e-05	9.344e-05	8.944000000000001e-05	8.832e-05	9.024e-05	8.944000000000001e-05	9.056e-05	8.896e-05	8.735999999999999e-05	8.816000000000001e-05	8.8161e-05	8.735999999999999e-05	8.768e-05	8.72e-05	9.007999999999999e-05	8.944000000000001e-05	8.735999999999999e-05	8.8641e-05	9.2e-05	8.768e-05	8.7841e-05	8.784e-05	8.8001e-05	8.848e-05	8.768e-05	8.768e-05	8.864e-05	8.7841e-05
1	524288	1	30	0.00014272000000000002	0.00012848000000000002	0.000129761	0.000131361	0.00012832	0.000128	0.000127521	0.00012880000000000001	0.00012768	0.0001248	0.00012464	0.00012912100000000003	0.0001296	0.000124	0.00013104	0.00012992	0.00013104	0.00012720100000000002	0.000132481	0.000129601	0.00012816	0.00013008	0.00012864000000000002	0.000132	0.00012736100000000002	0.00013120000000000002	0.000124161	0.00012768	0.00012816	0.00012912
1	1048576	1	32	0.000182721	0.00016672100000000002	0.000199681	0.00016768	0.00016992	0.000198881	0.000171201	0.0001704	0.000198881	0.0001976	0.000169121	0.00017552100000000002	0.00020096100000000002	0.00020527999999999999	0.0002056	0.00020128	0.000197761	0.00019872000000000002	0.000201441	0.0002032	0.00017328	0.00017344000000000002	0.00016448	0.000199681	0.00016928	0.00016896	0.00016928	0.00016656	0.000170401	0.00017504	0.000167521	0.00016928
1	2097152	1	32	0.00030224	0.00032576100000000004	0.000329441	0.00033360000000000003	0.000333281	0.000332161	0.000323521	0.00032448100000000005	0.00032879999999999997	0.00032592	0.00029904	0.00032432	0.00032240000000000003	0.00032416	0.0003256	0.00029024100000000006	0.000329921	0.00032816000000000003	0.0003232	0.000322401	0.00028944100000000004	0.00032560099999999996	0.00032879999999999997	0.000295361	0.00032608100000000004	0.000334081	0.000330561	0.00029487999999999997	0.000334081	0.0003296	0.00033312	0.000327201
1	4194304	1	30	0.000551521	0.0005625609999999999	0.000564641	0.000563681	0.000571201	0.000561282	0.000567841	0.00053104	0.000523841	0.000571841	0.0005758410000000001	0.0005790410000000001	0.0005672009999999999	0.000562241	0.0005369610000000001	0.000527681	0.0005265609999999999	0.000541121	0.000573921	0.000578881	0.000524161	0.000568801	0.000526721	0.000531201	0.0005704010000000001	0.000564321	0.000524161	0.000577921	0.0005632009999999999	0.000574882
1	8388608	1	30	0.00100192	0.00103488	0.000990402	0.00103616	0.000989122	0.000989922	0.0010307200000000002	0.00102768	0.000983842	0.000998562	0.0009977620000000001	0.000993922	0.000992642	0.000990561	0.000993442	0.0009883210000000001	0.000988802	0.0009923220000000001	0.0009905620000000002	0.000993922	0.00100224	0.0009923220000000001	0.0010320000000000001	0.000995042	0.00102928	0.000988002	0.00102848	0.001	0.000983842	0.0009923220000000001
1	16777216	1	32	0.00214416	0.0021864	0.00213584	0.0021814399999999998	0.00213472	0.0021252800000000002	0.0021324800000000004	0.00214	0.00212144	0.00214064	0.00214368	0.00212784	0.0021216	0.0021376	0.00216464	0.0021432	0.00217344	0.002128	0.00214432	0.00213072	0.0021454399999999998	0.00213984	0.00214192	0.0021292900000000003	0.00211872	0.0021324800000000004	0.00212609	0.00213008	0.00215792	0.00213312	0.0021324800000000004	0.0021228799999999997
1	33554432	1	31	0.00421345	0.00418849	0.00419185	0.004210569999999999	0.00420433	0.00418785	0.00422497	0.00421681	0.00419089	0.00421393	0.0042387300000000004	0.00419857	0.00419921	0.00419457	0.00418657	0.00420769	0.0041833700000000005	0.004244970000000001	0.00419953	0.00420257	0.0042067300000000005	0.00420177	0.0041971299999999994	0.00419585	0.004208330000000001	0.004212329999999999	0.00421073	0.00423361	0.00423777	0.00417873	0.00422833
1	67108864	1	38	0.00877554	0.00875122	0.00873298	0.00871554	0.00874018	0.0088301	0.008720499999999999	0.00881282	0.0088149	0.00870706	0.00871394	0.00875314	0.00871186	0.008783379999999999	0.00882434	0.00877202	0.00884018	0.00885042	0.00870274	0.00879394	0.00881986	0.00869922	0.008841139999999999	0.00884146	0.0088013	0.00885826	0.00877826	0.00874962	0.008836499999999999	0.008829940000000001	0.0087509	0.0088701	0.00881314	0.00869586	0.00869506	0.00882802	0.008717460000000002	0.00870018
1	134217728	1	34	0.0175428	0.0175528	0.017561	0.0175476	0.0174909	0.0176204	0.0176018	0.017561800000000002	0.017603200000000003	0.0176264	0.0175725	0.0175013	0.0175272	0.0175621	0.0175356	0.0176074	0.0175832	0.017515100000000002	0.017542000000000002	0.0174792	0.017581	0.017495200000000002	0.0176237	0.0175202	0.0175917	0.0175791	0.0175196	0.0175552	0.017573599999999998	0.0175848	0.0175202	0.0175293	0.017566099999999998	0.0174965
1	268435456	1	44	0.0358906	0.035915	0.0358945	0.0359546	0.035924199999999996	0.035957	0.035986	0.0358972	0.035935	0.0359406	0.0359223	0.0358726	0.0359166	0.0360202	0.035902500000000004	0.03593180000000001	0.0358794	0.035906999999999994	0.0359223	0.035867600000000006	0.035988700000000005	0.0358911	0.0359473	0.035911900000000004	0.035906799999999996	0.0359569	0.0359241	0.035924700000000004	0.0359097	0.0359796	0.035861	0.0359838	0.0359239	0.0358994	0.0359702	0.0359818	0.03584300000000001	0.0358662	0.0360129	0.035975900000000005	0.035917000000000004	0.0359649	0.035966200000000004	0.0358878
1	536870912	1	32	0.0792983	0.0792868	0.079359	0.0792728	0.07923690000000001	0.079377	0.0793955	0.07926770000000001	0.0792864	0.07934820000000001	0.07935160000000001	0.0793685	0.07933180000000001	0.079351	0.0793697	0.0794399	0.07931270000000001	0.07939149999999999	0.0793982	0.079375	0.0793151	0.079391	0.079304	0.0794412	0.07943460000000001	0.0794109	0.0793685	0.0794107	0.07939650000000001	0.0794132	0.0794097	0.07937810000000001
