# Timer(prog='/home/feizheng/i3/rocFFT-internal/build/clients/staging/dyna-rocfft-rider', lib=['/home/feizheng/p1/rocFFT/build/library/src/librocfft.so', '/home/feizheng/i3/rocFFT-internal/build/library/src/librocfft.so'], out=['/home/feizheng/i3/rocFFT-internal/scripts/perf/dir0/radix2_dim1_double_n1_r2c_outofplace.dat', '/home/feizheng/i3/rocFFT-internal/scripts/perf/dir1/radix2_dim1_double_n1_r2c_outofplace.dat'], log='timing.log', device=0, ntrial=30, direction=-1, inplace=False, real=True, precision='double', dimension=1, xmin=2048, xmax=536870912, ymin=2, ymax=1024, zmin=2, zmax=1024, radix=2, nbatch=1, problem_file=None)
# dimension	xlength	nbatch	nsample	samples ...
1	2048	1	32	4.208e-05	4.1439999999999996e-05	4.208e-05	4.224e-05	4.08e-05	4.112e-05	4.1601e-05	4.176e-05	4.1439999999999996e-05	4.0480000000000005e-05	4.16e-05	4.016e-05	4.176e-05	4.288e-05	4.032e-05	4.0480000000000005e-05	4.1439999999999996e-05	4.032e-05	4.256e-05	4.192e-05	4.0480000000000005e-05	4.0640000000000004e-05	3.2160000000000004e-05	3.248e-05	3.968e-05	3.2800000000000004e-05	3.3119999999999995e-05	3.888e-05	4.08e-05	4.128e-05	3.328e-05	3.168e-05
1	4096	1	32	4.3360000000000005e-05	4.2721e-05	4.224e-05	4.16e-05	4.16e-05	4.224e-05	4.224e-05	4.416e-05	4.1439999999999996e-05	4.224e-05	4.3520000000000003e-05	4.24e-05	4.224e-05	4.208e-05	3.632e-05	3.632e-05	4.2081e-05	4.208e-05	4.2720000000000004e-05	3.6479999999999996e-05	4.288e-05	4.288e-05	4.096e-05	4.304e-05	3.6e-05	3.504e-05	3.5201000000000004e-05	3.6e-05	3.632e-05	3.7120000000000004e-05	3.5839999999999996e-05	3.536e-05
1	8192	1	30	6.176e-05	5.6800000000000005e-05	5.7119999999999995e-05	5.7119999999999995e-05	5.7119999999999995e-05	5.6800000000000005e-05	5.536e-05	5.504e-05	5.648e-05	5.36e-05	4.224e-05	4.24e-05	5.472e-05	5.648e-05	4.5440000000000005e-05	4.9279999999999996e-05	5.4879999999999996e-05	4.304e-05	5.568e-05	4.3520000000000003e-05	4.816e-05	4.304e-05	4.288e-05	5.44e-05	5.4080000000000004e-05	4.816e-05	4.2720000000000004e-05	4.24e-05	5.024e-05	4.832100000000001e-05
1	16384	1	34	6.464e-05	6e-05	5.8241e-05	5.5520000000000004e-05	5.936000000000001e-05	5.5520000000000004e-05	5.744e-05	5.808e-05	4.6240000000000005e-05	5.9520000000000006e-05	4.496e-05	4.5600000000000004e-05	4.6080000000000006e-05	5.632e-05	4.688e-05	4.448e-05	4.704e-05	4.6399999999999996e-05	5.504e-05	4.6080000000000006e-05	4.576e-05	4.736e-05	4.72e-05	4.5600000000000004e-05	4.5600000000000004e-05	4.752e-05	4.72e-05	4.672e-05	4.8480000000000003e-05	4.656e-05	4.656e-05	4.656e-05	4.896e-05	4.496e-05
1	32768	1	32	7.248000000000001e-05	5.872e-05	5.5520000000000004e-05	5.312e-05	5.6e-05	5.632e-05	5.4239999999999996e-05	5.4239999999999996e-05	5.6640000000000007e-05	5.0560000000000004e-05	4.880000000000001e-05	5.088e-05	4.976e-05	5.04e-05	5.36e-05	5.216e-05	4.992e-05	4.9921e-05	4.880000000000001e-05	4.992e-05	5.1040000000000006e-05	4.992e-05	5.008e-05	5.04e-05	5.008e-05	4.96e-05	5.0560000000000004e-05	4.880000000000001e-05	4.976e-05	5.024e-05	4.864e-05	4.880000000000001e-05
1	65536	1	30	6.992e-05	5.8880000000000005e-05	6.064e-05	5.4241e-05	6.351999999999999e-05	6.0801e-05	5.536e-05	5.52e-05	5.584e-05	5.536e-05	5.568e-05	5.5520000000000004e-05	5.4561e-05	5.4081e-05	5.344e-05	5.584e-05	5.312e-05	5.3280000000000005e-05	5.4881e-05	5.4400999999999996e-05	5.4879999999999996e-05	5.36e-05	5.4080000000000004e-05	5.4239999999999996e-05	5.456e-05	5.9040000000000004e-05	5.456e-05	5.504e-05	5.3920000000000006e-05	5.344e-05
1	131072	1	33	7.6e-05	6.96e-05	6.672e-05	6.544e-05	6.24e-05	6.176e-05	6.064e-05	6.208e-05	6.208e-05	6.064e-05	6.144000000000001e-05	6.144000000000001e-05	6.08e-05	6.064e-05	6.064e-05	6.096e-05	6.08e-05	6.16e-05	6.128e-05	5.92e-05	6.016e-05	5.9520000000000006e-05	5.824e-05	5.936000000000001e-05	5.872e-05	5.92e-05	5.9839999999999996e-05	5.9520000000000006e-05	5.9040000000000004e-05	5.968e-05	5.8880000000000005e-05	6e-05	6.096e-05
1	262144	1	30	0.00010224	9.44e-05	8.9281e-05	9.264100000000001e-05	9.104e-05	8.944000000000001e-05	9.168e-05	9.264000000000001e-05	8.992e-05	8.944000000000001e-05	9.135999999999999e-05	8.96e-05	9.120000000000001e-05	9.024e-05	9.152e-05	8.9761e-05	9.2481e-05	9.024e-05	9.088000000000001e-05	8.704000000000001e-05	9.04e-05	9.168e-05	9.168e-05	8.9121e-05	8.8e-05	9.152e-05	9.1041e-05	8.672000000000001e-05	8.832e-05	8.9121e-05
1	524288	1	32	0.00014256	0.00013152	0.000130401	0.0001296	0.0001304	0.00012848000000000002	0.00012703999999999998	0.000129281	0.00013216	0.00012832099999999998	0.00013104	0.00012736100000000002	0.00013072	0.00012703999999999998	0.000130721	0.00012608	0.00012992	0.00012992	0.000126081	0.00012768	0.000125921	0.00012496	0.000132	0.00013072	0.000132001	0.00013376	0.000128161	0.00012912	0.0001304	0.00012848000000000002	0.00012608	0.0001296
1	1048576	1	30	0.000185921	0.000177761	0.00017008100000000001	0.00017424	0.000203201	0.00017280000000000003	0.00016800000000000002	0.00017216	0.00017728	0.00017680000000000001	0.000199041	0.00017184	0.00017199999999999998	0.00016672	0.00017312	0.00020192	0.0001672	0.000167361	0.00017008000000000002	0.00017248	0.000168161	0.00017168	0.00016768	0.0001712	0.00016672	0.00017328	0.000204	0.00017168	0.00017168	0.000171521
1	2097152	1	39	0.00033712	0.000335041	0.00030000100000000004	0.000330241	0.000326241	0.00032512000000000003	0.00029584	0.00029088000000000003	0.000332001	0.000329121	0.00032832099999999996	0.000334401	0.00032592	0.00029056	0.000330721	0.000326721	0.000326401	0.0002968	0.000331361	0.000327361	0.000326881	0.00029568	0.00032256	0.000325281	0.00033136	0.0003328	0.00033200000000000005	0.000292	0.000324961	0.000330241	0.000324801	0.000323521	0.00032368	0.00029136	0.00032912	0.00032592	0.000297761	0.000325921	0.00032544000000000003
1	4194304	1	33	0.000582561	0.000616801	0.0005649610000000001	0.000571361	0.0005368009999999999	0.000562401	0.0005672009999999999	0.000569441	0.000564321	0.000523361	0.000560641	0.000579842	0.000564321	0.0005334410000000001	0.0005407999999999999	0.000527521	0.000578561	0.000573441	0.0005641610000000001	0.0005355210000000001	0.000570561	0.000565281	0.0005254410000000001	0.0005689610000000001	0.0005672	0.0005409610000000001	0.000578881	0.000542561	0.0005625609999999999	0.000537921	0.00058272	0.000570881	0.000566561
1	8388608	1	30	0.000997282	0.0010225599999999998	0.000991682	0.0009998420000000001	0.0009977620000000001	0.0009923220000000001	0.000990882	0.0009982419999999999	0.000989122	0.000989442	0.0010312	0.00102128	0.0010307200000000002	0.000986722	0.000991202	0.000992162	0.00103904	0.00100112	0.000998081	0.000999362	0.000993122	0.000997122	0.0010014400000000001	0.000988482	0.00100032	0.0009969620000000001	0.000986401	0.0009881620000000001	0.000990882	0.00103552
1	16777216	1	41	0.00215232	0.00212816	0.0021403200000000002	0.0021339199999999997	0.0021187299999999997	0.0021352000000000003	0.0021414399999999997	0.0021360000000000003	0.00213568	0.00212817	0.00212592	0.00214112	0.00213137	0.00214064	0.0021257700000000004	0.00212432	0.0021377600000000003	0.0021440100000000004	0.0021504	0.00214624	0.00213472	0.0021344	0.0021612800000000002	0.00212544	0.00213264	0.00212977	0.00212736	0.0021795200000000003	0.0021292800000000003	0.0021352000000000003	0.00212128	0.00218	0.00215168	0.00213184	0.00213889	0.00213584	0.00214016	0.00212784	0.00213264	0.00217792	0.0021456
1	33554432	1	30	0.004211210000000001	0.004255849999999999	0.00418673	0.00419457	0.00422337	0.00419393	0.00420177	0.00424945	0.0042102500000000005	0.00420049	0.00424289	0.00418417	0.00418529	0.004209450000000001	0.00416849	0.00421217	0.004243210000000001	0.00421169	0.00422337	0.00420929	0.00419745	0.00419569	0.00421169	0.004231530000000001	0.00419905	0.004199690000000001	0.00419873	0.00424049	0.0042086499999999995	0.004188170000000001
1	67108864	1	30	0.0088477	0.00873138	0.00871698	0.008722899999999999	0.00869666	0.008862740000000001	0.008722899999999999	0.0088189	0.008784179999999999	0.0087109	0.0087101	0.008691860000000001	0.00878274	0.0088541	0.008750579999999999	0.0088005	0.008742900000000001	0.00873138	0.008835860000000001	0.00871298	0.00869426	0.0087133	0.00873426	0.00871362	0.00884066	0.00874114	0.00872546	0.00875218	0.008723380000000001	0.008745300000000001
1	134217728	1	30	0.0175672	0.017564800000000002	0.017558800000000003	0.0175165	0.017629000000000002	0.0175597	0.0175676	0.0175148	0.0175063	0.017560700000000002	0.017525600000000002	0.017500699999999998	0.0175877	0.0176111	0.017557800000000002	0.017607900000000003	0.0175628	0.0176026	0.0176002	0.0176378	0.0175655	0.0175532	0.0175967	0.0174807	0.0175709	0.017578299999999998	0.0175516	0.0175831	0.017633	0.0175245
1	268435456	1	30	0.0359345	0.0360486	0.0359706	0.0360126	0.0359383	0.0359276	0.0359897	0.0359503	0.0359639	0.0359556	0.036029200000000004	0.0359254	0.035999899999999994	0.0359529	0.0359766	0.0359948	0.035986800000000006	0.0359518	0.035946	0.0360162	0.0360198	0.0359982	0.035975	0.0359743	0.035978	0.0359465	0.0359454	0.0360167	0.0359953	0.035989
1	536870912	1	32	0.07925950000000001	0.0792409	0.0793031	0.079315	0.0791917	0.0792963	0.07930240000000001	0.0793292	0.07926269999999999	0.0793814	0.0793548	0.0793829	0.07931229999999999	0.0793531	0.0793055	0.07934770000000001	0.0793543	0.07936620000000001	0.0793128	0.0793712	0.07934820000000001	0.0793	0.0792806	0.0793639	0.0793549	0.0793525	0.079388	0.07937999999999999	0.0792897	0.0792809	0.07939	0.07938500000000001
