# Timer(prog='/home/feizheng/i3/rocFFT-internal/build/clients/staging/dyna-rocfft-rider', lib=['/home/feizheng/p1/rocFFT/build/library/src/librocfft.so', '/home/feizheng/i3/rocFFT-internal/build/library/src/librocfft.so'], out=['/home/feizheng/i3/rocFFT-internal/scripts/perf/dir0/radix2_dim2_double_n1_ratio_1_r2c_inplace.dat', '/home/feizheng/i3/rocFFT-internal/scripts/perf/dir1/radix2_dim2_double_n1_ratio_1_r2c_inplace.dat'], log='timing.log', device=0, ntrial=30, direction=-1, inplace=True, real=True, precision='double', dimension=2, xmin=256, xmax=32768, ymin=256, ymax=32768, zmin=2, zmax=1024, radix=2, nbatch=1, problem_file=None)
# dimension	xlength	ylength	nbatch	nsample	samples ...
2	256	256	1	30	8.287999999999999e-05	5.0241e-05	5.8880000000000005e-05	5.84e-05	5.792e-05	5.776e-05	5.632e-05	5.936000000000001e-05	5.1200000000000004e-05	5.584e-05	4.9761e-05	5.376e-05	5.008e-05	5.008e-05	4.976e-05	4.816e-05	5.008e-05	4.9281e-05	4.96e-05	5.008e-05	5.072e-05	4.976e-05	5.152e-05	5.008e-05	4.976e-05	5.024e-05	4.8481000000000006e-05	4.9279999999999996e-05	4.896e-05	5.024e-05
2	512	512	1	30	9.007999999999999e-05	7.424100000000001e-05	7.184e-05	6.672e-05	6.7201e-05	6.672e-05	6.800000000000001e-05	6.768e-05	7.216e-05	6.895999999999999e-05	6.912e-05	6.688e-05	6.912e-05	6.784e-05	6.848e-05	6.864000000000001e-05	6.64e-05	6.72e-05	6.88e-05	6.784e-05	6.736e-05	6.72e-05	6.6721e-05	6.64e-05	6.656e-05	6.688e-05	6.672e-05	6.704000000000001e-05	6.64e-05	6.784e-05
2	1024	1024	1	30	0.0001272	0.00011936	0.00011456	0.00011808000000000001	0.0001152	0.00011408	0.00011728	0.00011328000000000001	0.00011872000000000002	0.00011984	0.00011776000000000001	0.00011824	0.0001128	0.00011872000000000002	0.00011952000000000001	0.000117921	0.00012128	0.00011648	0.00011904000000000001	0.00011536000000000001	0.0001152	0.00011360000000000001	0.0001216	0.00011856	0.0001152	0.00011888	0.000116001	0.000111201	0.00011344	0.00011872000000000002
2	2048	2048	1	30	0.00037791999999999996	0.00036352000000000004	0.00036272100000000004	0.00036928100000000006	0.00036752000000000003	0.00036575999999999997	0.000364641	0.00036768	0.00037024000000000003	0.00039184	0.000371361	0.000363521	0.00036672100000000003	0.000365921	0.00037056000000000003	0.00037056000000000003	0.00036480000000000003	0.000368961	0.00036576100000000004	0.00036784000000000003	0.00036272100000000004	0.000365921	0.00036528	0.000366081	0.00036592000000000005	0.00036656100000000006	0.000367041	0.00037087999999999997	0.00036448000000000003	0.000364801
2	4096	4096	1	33	0.00154768	0.00154384	0.0015432	0.00153568	0.0015264	0.00153568	0.00152672	0.0015211200000000002	0.00154688	0.00152528	0.0015254399999999999	0.00152224	0.00153568	0.0015340800000000002	0.00154704	0.001524	0.0015264	0.00152992	0.0015304000000000001	0.0015334399999999998	0.00154768	0.0015505599999999999	0.0015273600000000002	0.0015358400000000001	0.00155824	0.0015396799999999999	0.0015287999999999999	0.00154688	0.00152528	0.00153488	0.00154976	0.0015337600000000001	0.0015248
2	8192	8192	1	30	0.00706593	0.00702657	0.00705697	0.00702497	0.007062420000000001	0.00703857	0.00706177	0.00704001	0.00710178	0.0070428900000000004	0.00707057	0.0070697799999999995	0.00704833	0.00707345	0.007068329999999999	0.00703921	0.00701649	0.00703169	0.00704305	0.0070395300000000004	0.00708193	0.00704081	0.00705441	0.00702657	0.00707105	0.0070494500000000005	0.007067370000000001	0.00705729	0.00702337	0.00703937
2	16384	16384	1	37	0.0307565	0.0307913	0.030682300000000003	0.0308401	0.030768999999999998	0.030705200000000002	0.0307146	0.0309101	0.0307612	0.030810900000000002	0.030731400000000002	0.0307837	0.0307345	0.0308903	0.0308093	0.0308316	0.0307727	0.0307634	0.030651900000000003	0.030734300000000003	0.0308357	0.0307809	0.0307807	0.0308039	0.030814800000000003	0.0308151	0.0308709	0.0308786	0.0308204	0.030874600000000002	0.0306463	0.030790500000000002	0.0307745	0.030646100000000003	0.0308975	0.0308537	0.0307705
2	32768	32768	1	32	0.13134200000000001	0.13147999999999999	0.13150299999999998	0.131526	0.131488	0.131445	0.131516	0.131539	0.131548	0.13145500000000002	0.13148300000000002	0.131406	0.13140100000000002	0.131441	0.131459	0.131493	0.13149700000000003	0.131696	0.131404	0.13165100000000002	0.131508	0.131468	0.131601	0.13159600000000002	0.131692	0.131521	0.13163999999999998	0.13154	0.131629	0.13153800000000002	0.131492	0.131665
