# Timer(prog='/home/feizheng/i3/rocFFT-internal/build/clients/staging/dyna-rocfft-rider', lib=['/home/feizheng/p1/rocFFT/build/library/src/librocfft.so', '/home/feizheng/i3/rocFFT-internal/build/library/src/librocfft.so'], out=['/home/feizheng/i3/rocFFT-internal/scripts/perf/dir0/radix2_dim2_double_n1_inv_ratio_1_r2c_outofplace.dat', '/home/feizheng/i3/rocFFT-internal/scripts/perf/dir1/radix2_dim2_double_n1_inv_ratio_1_r2c_outofplace.dat'], log='timing.log', device=0, ntrial=30, direction=1, inplace=False, real=True, precision='double', dimension=2, xmin=256, xmax=32768, ymin=256, ymax=32768, zmin=2, zmax=1024, radix=2, nbatch=1, problem_file=None)
# dimension	xlength	ylength	nbatch	nsample	samples ...
2	256	256	1	30	7.36e-05	5.744e-05	5.44e-05	5.4879999999999996e-05	5.728e-05	5.44e-05	5.9040000000000004e-05	5.504e-05	5.472e-05	5.504e-05	5.184e-05	5.008e-05	5.088e-05	5.28e-05	5.024e-05	5.312e-05	5.6161000000000007e-05	5.152e-05	5.344e-05	5.1040000000000006e-05	5.2e-05	5.824e-05	5.36e-05	5.072e-05	6.304e-05	5.3280000000000005e-05	5.4080000000000004e-05	5.3920000000000006e-05	5.472e-05	5.4080000000000004e-05
2	512	512	1	40	7.6e-05	6.688e-05	6.464e-05	6.288000000000001e-05	6.560100000000001e-05	6.447999999999999e-05	6.224e-05	6.384e-05	6.208e-05	6.592e-05	6.416e-05	6.3681e-05	6.16e-05	6.24e-05	6.384e-05	6.224e-05	6.688e-05	6.704000000000001e-05	6.272e-05	6.176e-05	6.288000000000001e-05	6.544e-05	6.336e-05	6.4e-05	6.304e-05	6.608e-05	6.48e-05	6.192e-05	6.447999999999999e-05	6.208e-05	6.496e-05	6.48e-05	6.48e-05	6.4e-05	6.192e-05	6.208e-05	6.2241e-05	6.224e-05	6.256000000000001e-05	6.208e-05
2	1024	1024	1	30	0.00012496	0.00011648	0.000120321	0.00011856	0.00011376000000000001	0.00011296	0.00011632000000000001	0.0001176	0.00011360000000000001	0.00011552	0.0001152	0.00011360000000000001	0.00011264	0.0001184	0.00011264	0.00011776000000000001	0.0001144	0.00011056000000000001	0.00011792	0.00011408	0.00011712	0.00011472	0.000112961	0.00011584	0.000111361	0.00011392	0.00011904000000000001	0.000116001	0.00011695999999999999	0.00011856
2	2048	2048	1	30	0.00037184	0.000367201	0.00036624000000000004	0.000361921	0.000362881	0.00037040099999999997	0.00036944	0.00038272	0.00037376	0.00037200100000000006	0.000367361	0.000362081	0.0003688	0.000364161	0.00036944	0.00037216100000000003	0.000374241	0.00037216100000000003	0.000371361	0.00037200100000000006	0.000370241	0.00037616	0.000371201	0.00037312099999999997	0.000372	0.000364481	0.00037136000000000005	0.00037504	0.00036656	0.00036544100000000004
2	4096	4096	1	30	0.00179472	0.00178816	0.0017849600000000001	0.00179312	0.00178928	0.00179056	0.00179216	0.00178608	0.00177024	0.0017816000000000002	0.00178176	0.00177856	0.00177216	0.00177952	0.00178736	0.0017878400000000002	0.0017958400000000002	0.00178064	0.0017780800000000002	0.0017944	0.00179504	0.00178144	0.0018096000000000002	0.00178128	0.00178608	0.0017787200000000001	0.00176624	0.0017824	0.00177568	0.0017764800000000002
2	8192	8192	1	30	0.0100293	0.010168799999999999	0.0102407	0.0100744	0.010020200000000002	0.010089	0.0100071	0.010065099999999999	0.0102557	0.0102837	0.010171900000000001	0.009998900000000002	0.0102095	0.010173600000000001	0.010275900000000001	0.0101227	0.0101013	0.0100959	0.0101682	0.010286400000000001	0.010004200000000001	0.0100298	0.0102223	0.0102032	0.0101024	0.010065	0.0100167	0.010217599999999999	0.010057	0.010268300000000001
2	16384	16384	1	30	0.052171300000000004	0.053291200000000004	0.0529375	0.0523427	0.052363900000000005	0.052841900000000004	0.0531096	0.0523099	0.0528134	0.0525072	0.05248510000000001	0.0524257	0.0524968	0.0522084	0.05232	0.0525148	0.052428300000000004	0.0527022	0.0525432	0.0526488	0.0522356	0.0523438	0.057030000000000004	0.0522873	0.052291800000000006	0.0522926	0.0525139	0.0523441	0.052636800000000004	0.052452
2	32768	32768	1	30	0.242687	0.24288300000000002	0.24269	0.242595	0.242697	0.24266100000000002	0.242687	0.242709	0.242685	0.242641	0.24262799999999998	0.242706	0.24275	0.24260400000000001	0.242679	0.242686	0.242521	0.24264	0.242727	0.242703	0.242664	0.242591	0.242642	0.24269200000000002	0.24272100000000002	0.242683	0.242743	0.242653	0.24263900000000002	0.242695
