# Timer(prog='/home/feizheng/i3/rocFFT-internal/build/clients/staging/dyna-rocfft-rider', lib=['/home/feizheng/p1/rocFFT/build/library/src/librocfft.so', '/home/feizheng/i3/rocFFT-internal/build/library/src/librocfft.so'], out=['/home/feizheng/i3/rocFFT-internal/scripts/perf/dir0/radix2_dim1_double_n1_c2c_inplace.dat', '/home/feizheng/i3/rocFFT-internal/scripts/perf/dir1/radix2_dim1_double_n1_c2c_inplace.dat'], log='timing.log', device=0, ntrial=30, direction=-1, inplace=True, real=False, precision='double', dimension=1, xmin=2048, xmax=536870912, ymin=2, ymax=1024, zmin=2, zmax=1024, radix=2, nbatch=1, problem_file=None)
# dimension	xlength	nbatch	nsample	samples ...
1	2048	1	30	3.856e-05	3.7760000000000004e-05	3.168e-05	3.184e-05	3.744e-05	3.7761000000000007e-05	3.76e-05	3.92e-05	3.088e-05	3.7120000000000004e-05	3.8240000000000007e-05	3.728e-05	3.68e-05	3.7921000000000005e-05	3.12e-05	3.728e-05	3.136e-05	3.168e-05	3.76e-05	3.7601e-05	3.168e-05	3.168e-05	3.744e-05	3.728e-05	3.84e-05	3.9041e-05	3.728e-05	3.2e-05	3.792e-05	3.808e-05
1	4096	1	30	7.152e-05	4.864e-05	5.1521e-05	5.088e-05	4.8480000000000003e-05	4.912e-05	4.704e-05	4.9761e-05	5.1040000000000006e-05	4.256e-05	4.48e-05	4.192e-05	4.512e-05	4.288e-05	4.784e-05	3.664e-05	5.072e-05	4.16e-05	5.008e-05	5.04e-05	3.664e-05	3.7120000000000004e-05	4.2721e-05	3.744e-05	3.664e-05	5.0721000000000004e-05	5.152e-05	5.1200000000000004e-05	4.528e-05	4.176e-05
1	8192	1	30	5.248e-05	5.232e-05	4.816e-05	5.0560000000000004e-05	4.032e-05	5.120100000000001e-05	4.9279999999999996e-05	5.184e-05	4.9601e-05	4.0480000000000005e-05	3.984e-05	3.968e-05	4.8320000000000005e-05	4.032e-05	4.0640000000000004e-05	4.032e-05	4.4001e-05	3.808e-05	3.952e-05	3.84e-05	3.936e-05	3.904e-05	3.8719999999999995e-05	3.952e-05	4.0480000000000005e-05	3.92e-05	3.8721e-05	4e-05	4.128e-05	3.952e-05
1	16384	1	46	4.96e-05	4.816e-05	4.096e-05	4.864e-05	4.8e-05	4.496e-05	4.016e-05	4.1441e-05	4.0640000000000004e-05	4.096e-05	4.192e-05	4.128e-05	4.096e-05	4.1439999999999996e-05	4.192e-05	4.208e-05	4.24e-05	3.9841e-05	4.288e-05	4.24e-05	4.112e-05	3.984e-05	4.1121e-05	4.16e-05	4.1439999999999996e-05	4.24e-05	4.0480000000000005e-05	4.288e-05	4.032e-05	4.224e-05	4.128e-05	4.0640000000000004e-05	4.2241000000000004e-05	4.112e-05	4.112e-05	3.936e-05	3.984e-05	3.984e-05	4.112e-05	3.92e-05	4.1439999999999996e-05	3.952e-05	3.968e-05	4.08e-05	4.08e-05	3.888e-05
1	32768	1	30	7.568e-05	4.912e-05	4.880000000000001e-05	4.3520000000000003e-05	4.304e-05	4.912e-05	4.992e-05	4.496e-05	5.0560000000000004e-05	4.3679999999999995e-05	4.512e-05	4.384e-05	5.1200000000000004e-05	4.3200000000000007e-05	4.24e-05	4.288e-05	4.4e-05	4.416e-05	4.2720000000000004e-05	4.208e-05	4.24e-05	4.3200000000000007e-05	4.208e-05	4.256e-05	4.304e-05	4.24e-05	4.224e-05	4.3520000000000003e-05	4.256e-05	4.24e-05
1	65536	1	30	7.2e-05	5.1200000000000004e-05	5.152e-05	5.072e-05	5.072e-05	4.736e-05	4.7521e-05	4.4e-05	4.2720000000000004e-05	4.3679999999999995e-05	4.3520000000000003e-05	4.416e-05	4.2720000000000004e-05	4.3520000000000003e-05	4.3200000000000007e-05	4.3360000000000005e-05	4.4e-05	4.288e-05	4.432e-05	4.24e-05	4.2720000000000004e-05	4.3360000000000005e-05	4.3679999999999995e-05	4.3200000000000007e-05	4.3679999999999995e-05	4.384e-05	4.2881000000000005e-05	4.3520000000000003e-05	4.4e-05	4.4e-05
1	131072	1	30	8.608e-05	7.167999999999999e-05	8.6241e-05	7.1841e-05	7.0721e-05	7.2e-05	7.072e-05	7.312e-05	7.04e-05	7.408e-05	7.0241e-05	7.0241e-05	7.12e-05	7.136000000000001e-05	6.976000000000001e-05	7.0881e-05	7.248000000000001e-05	7.056e-05	7.04e-05	7.312e-05	7.056e-05	6.848e-05	7.312100000000001e-05	7.056e-05	7.056e-05	7.2e-05	6.992e-05	7.232e-05	7.04e-05	7.2e-05
1	262144	1	32	0.000113921	0.00011664	0.000112001	0.00010960000000000001	0.00011024	0.000113441	0.00011248	0.00011456	0.00011056000000000001	0.000112001	0.00011088000000000001	0.00011056000000000001	0.00011248	0.000111201	0.0001128	0.00011408	0.000112801	0.00011152	0.00011072	0.000116001	0.0001128	0.00011168	0.000111681	0.00011392	0.00011488	0.00011424099999999999	0.00011296	0.00010992100000000001	0.00010912	0.0001104	0.000110081	0.00011072
1	524288	1	40	0.00015024000000000003	0.00014863999999999999	0.00014368	0.00014704100000000002	0.00014384	0.000143041	0.00014144	0.000144961	0.00014208000000000002	0.00014591999999999999	0.0001416	0.00014448	0.00014176	0.00014272099999999998	0.0001528	0.00014224000000000002	0.00014288000000000001	0.00014144	0.00014080100000000002	0.00014144	0.00014448	0.000141121	0.00014319999999999998	0.00014063999999999998	0.00014335999999999998	0.00014272000000000002	0.000139872	0.00014080100000000002	0.00014192	0.00014016	0.00014272000000000002	0.000140641	0.00014128	0.00014335999999999998	0.0001424	0.00014352100000000002	0.00014624	0.00014416	0.000143361	0.00014128
1	1048576	1	30	0.00024496	0.000249441	0.000240961	0.00024768	0.000246721	0.000247521	0.000241281	0.00024032	0.00024528	0.00024144	0.000247201	0.00024272	0.00024432100000000003	0.00024624	0.000245921	0.00024768	0.000238881	0.000243361	0.000239361	0.00024128	0.000239681	0.000242721	0.00024304	0.00024528	0.000249121	0.00024464	0.00025296000000000004	0.00024816	0.00023824000000000002	0.00024656
1	2097152	1	49	0.000444161	0.000442561	0.000436801	0.000436481	0.000442401	0.000437761	0.000431361	0.00054432	0.00043312099999999996	0.00043472100000000005	0.00043376	0.00043040099999999996	0.00043872100000000004	0.00044176100000000004	0.000442721	0.000438081	0.00044304100000000003	0.000444161	0.000432961	0.00043744100000000006	0.00043392100000000004	0.000439201	0.00043632100000000004	0.000442241	0.000435201	0.000436961	0.000434401	0.000434881	0.000439362	0.000436481	0.000432161	0.000436801	0.000436801	0.000438401	0.00043328100000000004	0.000439681	0.000438081	0.000438241	0.000446401	0.000434241	0.000440481	0.00043744100000000006	0.000439201	0.00043328100000000004	0.000440641	0.000442561	0.000430721	0.000437921	0.000437921
1	4194304	1	34	0.000822562	0.000823201	0.000810562	0.0008320020000000001	0.0008204820000000001	0.000808482	0.000812641	0.000810722	0.0008257620000000001	0.000818402	0.000832642	0.000822721	0.000822722	0.000815842	0.0008088020000000001	0.000817762	0.0008195219999999999	0.000816802	0.000831681	0.0008164820000000001	0.000808962	0.000807202	0.000809281	0.0008172810000000001	0.0008128020000000001	0.000813442	0.000818241	0.000818882	0.000822082	0.0008195219999999999	0.000819202	0.000806562	0.000822722	0.0008196820000000001
1	8388608	1	31	0.0017980799999999999	0.00177344	0.00178688	0.00178672	0.00177952	0.0017864	0.0017776	0.0017764800000000002	0.0017900799999999999	0.0017888	0.00179488	0.0017816000000000002	0.00177888	0.00177248	0.0017928	0.00178352	0.0017824	0.0017912	0.001788	0.00179648	0.00182464	0.00177936	0.00177152	0.0017862400000000001	0.001776	0.0017832	0.00180192	0.00176864	0.00178224	0.0017900799999999999	0.00177344
1	16777216	1	30	0.00349649	0.0035027300000000003	0.00349841	0.00348865	0.00349969	0.00348801	0.00348609	0.00349153	0.00350145	0.00348177	0.00347009	0.00351281	0.0034988899999999997	0.00349361	0.0035116900000000005	0.00350081	0.00349265	0.0035112100000000003	0.0034971299999999998	0.00349585	0.00347905	0.00349425	0.0034899300000000005	0.00348081	0.00350802	0.00349137	0.00350289	0.00350561	0.00349665	0.00349505
1	33554432	1	30	0.00733921	0.00747377	0.00740834	0.00745409	0.00739969	0.00742162	0.00744529	0.00731938	0.00737329	0.00745074	0.00732097	0.00727473	0.00739138	0.00743362	0.00740177	0.00732514	0.00732417	0.00735826	0.00734498	0.0074509	0.00732946	0.0073029	0.00731234	0.00732642	0.00731298	0.00735746	0.00738162	0.00745826	0.007353780000000001	0.007442420000000001
1	67108864	1	33	0.0147986	0.0147759	0.0148573	0.014834400000000001	0.014758	0.0147692	0.01479	0.0148005	0.014776500000000001	0.0148325	0.014819100000000002	0.0148487	0.0147927	0.0147796	0.0149908	0.0147504	0.0147536	0.0148284	0.0147608	0.0147869	0.0148058	0.0148378	0.0148167	0.014766600000000001	0.014859400000000002	0.014836499999999999	0.0147732	0.014797000000000001	0.014799099999999999	0.0147805	0.0148525	0.0147781	0.0147629
1	134217728	1	30	0.030428999999999998	0.0304436	0.0304527	0.0304508	0.0304938	0.0304623	0.0303557	0.0304028	0.0304325	0.0304181	0.030399100000000002	0.030453800000000003	0.0304266	0.0304333	0.030496099999999998	0.030400200000000002	0.0304668	0.030378900000000004	0.0304722	0.030468900000000004	0.0304212	0.0304849	0.0304097	0.030427700000000002	0.030423600000000002	0.0305271	0.0305057	0.0304775	0.0304057	0.0304733
1	268435456	1	41	0.0677129	0.0676268	0.0676616	0.0676909	0.06770010000000001	0.0676953	0.0676572	0.06769990000000001	0.0677141	0.0677012	0.0677114	0.0677045	0.0677394	0.0676596	0.0676484	0.0677094	0.06774550000000001	0.0676931	0.0677165	0.0677012	0.06768600000000001	0.0677261	0.067708	0.0676643	0.0676827	0.0676764	0.06767959999999999	0.0676954	0.0676985	0.0677167	0.067694	0.06771859999999999	0.0676545	0.0676625	0.0676683	0.06769929999999999	0.0677354	0.06778830000000001	0.06772159999999999	0.0677692	0.067729
