# Timer(prog='/home/feizheng/i3/rocFFT-internal/build/clients/staging/dyna-rocfft-rider', lib=['/home/feizheng/p1/rocFFT/build/library/src/librocfft.so', '/home/feizheng/i3/rocFFT-internal/build/library/src/librocfft.so'], out=['/home/feizheng/i3/rocFFT-internal/scripts/perf/dir0/radix2_dim1_double_n1_inv_r2c_outofplace.dat', '/home/feizheng/i3/rocFFT-internal/scripts/perf/dir1/radix2_dim1_double_n1_inv_r2c_outofplace.dat'], log='timing.log', device=0, ntrial=30, direction=1, inplace=False, real=True, precision='double', dimension=1, xmin=2048, xmax=536870912, ymin=2, ymax=1024, zmin=2, zmax=1024, radix=2, nbatch=1, problem_file=None)
# dimension	xlength	nbatch	nsample	samples ...
1	2048	1	32	4.0640000000000004e-05	4.0480000000000005e-05	4.16e-05	4.0640000000000004e-05	4.0480000000000005e-05	4.0480000000000005e-05	3.984e-05	4.1439999999999996e-05	4.0641e-05	4.128e-05	4.032e-05	3.936e-05	3.92e-05	3.968e-05	4.0480000000000005e-05	4.128e-05	4.08e-05	4.08e-05	4.032e-05	3.792e-05	3.9201e-05	3.936e-05	3.376e-05	3.248e-05	3.936e-05	3.952e-05	3.2160000000000004e-05	3.168e-05	3.952e-05	3.984e-05	3.2e-05	3.2640000000000006e-05
1	4096	1	35	4.24e-05	4.304e-05	4.208e-05	4.224e-05	4.3360000000000005e-05	4.3520000000000003e-05	4.2720000000000004e-05	4.208e-05	4.2241000000000004e-05	4.224e-05	3.616e-05	3.632e-05	4.1921e-05	4.192e-05	4.112e-05	3.664e-05	4.208e-05	3.696e-05	3.5839999999999996e-05	4.08e-05	4.288e-05	3.632e-05	4.0801e-05	3.664e-05	3.632e-05	3.5680000000000004e-05	4.192e-05	3.6e-05	3.5839999999999996e-05	3.4880000000000005e-05	3.7120000000000004e-05	4.096e-05	3.5839999999999996e-05	3.696e-05	3.696e-05
1	8192	1	30	7.968e-05	6.2241e-05	6.144000000000001e-05	6.208e-05	5.744e-05	5.6640000000000007e-05	5.968e-05	5.744e-05	6.048e-05	6.0001e-05	5.856e-05	5.824e-05	5.824e-05	4.3200000000000007e-05	5.4080000000000004e-05	5.824e-05	4.3360000000000005e-05	6.048e-05	4.416e-05	5.9839999999999996e-05	4.3679999999999995e-05	4.24e-05	6.928e-05	4.3679999999999995e-05	4.288e-05	4.3679999999999995e-05	5.696e-05	4.2720000000000004e-05	4.24e-05	4.2720000000000004e-05
1	16384	1	33	8.287999999999999e-05	6.208e-05	6.176e-05	6.256000000000001e-05	5.6800000000000005e-05	6.048e-05	6.16e-05	5.776e-05	5.632e-05	5.4239999999999996e-05	4.8480000000000003e-05	5.456e-05	4.704e-05	4.688e-05	4.7680000000000004e-05	4.576e-05	4.8e-05	4.7680000000000004e-05	5.728e-05	4.672e-05	4.912e-05	4.864e-05	4.816e-05	4.8320000000000005e-05	4.8001000000000003e-05	4.784e-05	4.72e-05	4.7680000000000004e-05	4.8e-05	4.704e-05	4.528e-05	4.6080000000000006e-05	4.736e-05
1	32768	1	30	8.144e-05	5.792e-05	5.8081e-05	5.456e-05	6.48e-05	5.312e-05	5.6800000000000005e-05	5.184e-05	4.880000000000001e-05	5.7119999999999995e-05	5.728e-05	5.92e-05	5.456e-05	5.1040000000000006e-05	5.5520000000000004e-05	5.04e-05	5.1200000000000004e-05	5.1040000000000006e-05	5.024e-05	5.136e-05	5.04e-05	4.880000000000001e-05	5.088e-05	5.248e-05	4.816e-05	4.8961e-05	4.992e-05	4.96e-05	5.216e-05	4.976e-05
1	65536	1	35	8.416e-05	5.6e-05	5.6321000000000005e-05	6.224e-05	6.08e-05	6.144100000000001e-05	6.48e-05	5.5520000000000004e-05	5.6e-05	5.472e-05	5.312e-05	5.5520000000000004e-05	5.4879999999999996e-05	5.376e-05	5.4239999999999996e-05	5.376e-05	5.456e-05	5.4879999999999996e-05	5.232e-05	5.3280000000000005e-05	5.376e-05	5.3920000000000006e-05	5.312e-05	5.264e-05	5.4400999999999996e-05	5.232e-05	5.3920000000000006e-05	5.28e-05	5.2e-05	5.264e-05	5.4081e-05	5.344e-05	5.248e-05	5.36e-05	5.36e-05
1	131072	1	30	7.008e-05	7.04e-05	7.04e-05	6.704000000000001e-05	6.2081e-05	6.192e-05	6.192e-05	7.104000000000001e-05	6.112e-05	6.304e-05	6.176e-05	6e-05	6e-05	6.112e-05	6.112e-05	6.2401e-05	5.9839999999999996e-05	6.064e-05	6.08e-05	6.08e-05	6.064e-05	6.128e-05	6.208e-05	5.968e-05	6.0481e-05	5.92e-05	6.24e-05	6.24e-05	5.968e-05	6.032e-05
1	262144	1	39	0.00010896	8.944000000000001e-05	9.296e-05	9.056e-05	8.8e-05	8.72e-05	9.088000000000001e-05	8.528e-05	8.624e-05	8.56e-05	8.352e-05	9.152e-05	8.816000000000001e-05	8.88e-05	8.6081e-05	8.608e-05	8.592e-05	9.664000000000001e-05	9.088000000000001e-05	8.992e-05	9.648e-05	8.624e-05	8.704000000000001e-05	8.4161e-05	9.007999999999999e-05	8.592e-05	9.536000000000001e-05	9.072e-05	8.624e-05	8.592e-05	9.007999999999999e-05	9.392000000000001e-05	8.496e-05	8.496e-05	8.992100000000001e-05	9.632e-05	8.640000000000001e-05	8.688e-05	9.04e-05
1	524288	1	30	0.00013424	0.00012992	0.00013136000000000002	0.00013167999999999999	0.000129601	0.00013072	0.00012928	0.00012912	0.00013184	0.00012848000000000002	0.00012736	0.00013104099999999998	0.000128	0.00013328000000000002	0.00013664000000000002	0.00013264	0.00013104099999999998	0.00012848000000000002	0.00012832	0.00012848000000000002	0.00012768	0.0001304	0.00013184	0.00013152	0.000129761	0.00012832099999999998	0.00012944	0.00012928	0.00012784000000000002	0.00012832
1	1048576	1	30	0.000208641	0.00019840099999999999	0.00019616	0.00019536	0.00019184100000000002	0.00019424	0.00019776	0.00019600000000000002	0.00019808	0.00019584099999999998	0.000196161	0.00019424	0.00019408	0.00019312000000000002	0.00019568099999999999	0.00019328000000000002	0.000196641	0.0001928	0.00019600000000000002	0.00019488	0.000194241	0.00019248000000000003	0.00019392000000000001	0.000194081	0.00020032	0.00019728	0.00019744	0.000194241	0.00019584099999999998	0.0001936
1	2097152	1	41	0.00029616	0.00029360000000000003	0.00032448	0.00028720000000000004	0.000335841	0.000288961	0.000335041	0.000290721	0.000289601	0.000327841	0.00028911999999999997	0.00032879999999999997	0.000325121	0.000332001	0.00033824	0.00032607999999999997	0.000288001	0.000330561	0.00032944	0.00028928	0.00033152100000000004	0.00032880100000000004	0.000286081	0.00032816000000000003	0.00028864	0.0003272	0.000293761	0.00033248100000000003	0.000287841	0.000324001	0.000287201	0.0003272	0.00033888	0.000332321	0.000327521	0.00032976100000000003	0.000332961	0.00033344099999999997	0.00033072	0.0002952	0.000290561
1	4194304	1	35	0.0005348810000000001	0.0005291209999999999	0.0005313609999999999	0.000559841	0.00052496	0.0005313609999999999	0.0005625609999999999	0.000525601	0.000565921	0.0005307210000000001	0.0005641610000000001	0.000527681	0.000520961	0.000525761	0.000529921	0.0005246410000000001	0.000530241	0.000524481	0.0005200010000000001	0.0005294410000000001	0.000523521	0.000524801	0.000525601	0.0005388810000000001	0.000533601	0.000521761	0.0005300810000000001	0.000524801	0.0005750420000000001	0.000524481	0.0005254410000000001	0.000524961	0.000532161	0.000525442	0.000564321
1	8388608	1	30	0.0010273600000000002	0.000985922	0.0010169600000000001	0.0010152000000000002	0.000983682	0.000979362	0.000982402	0.000986402	0.000991842	0.000984002	0.000989282	0.0010244800000000001	0.000985282	0.000986242	0.000985922	0.000991682	0.000977442	0.000984002	0.000987522	0.000983042	0.000991202	0.000989282	0.000984162	0.000990081	0.00102	0.000983842	0.000984482	0.0009814420000000001	0.000989441	0.0009788820000000001
1	16777216	1	30	0.00228464	0.00226816	0.00226992	0.0022651200000000002	0.002268	0.00227824	0.0023016	0.00231472	0.00227025	0.00228064	0.00230641	0.00225856	0.00228016	0.0022616	0.00227616	0.00227249	0.00231744	0.00227617	0.00227952	0.0022697600000000004	0.0022835200000000003	0.0023096	0.0022700800000000003	0.00225968	0.00225808	0.0022712	0.0023185600000000003	0.00231744	0.00226128	0.00229808
1	33554432	1	42	0.0044865700000000005	0.004476969999999999	0.00449137	0.00447105	0.00447537	0.00447985	0.00448353	0.00448225	0.004491050000000001	0.00449489	0.004446729999999999	0.00445585	0.00447217	0.0044713700000000006	0.00448081	0.004475209999999999	0.004497930000000001	0.00444433	0.0045200100000000005	0.00446929	0.00448033	0.00448017	0.00449601	0.00446129	0.004513130000000001	0.00447377	0.00445777	0.00451505	0.00447089	0.00445137	0.00447681	0.00447057	0.00451537	0.00447457	0.00451329	0.00447921	0.00449857	0.00445857	0.004467850000000001	0.00446417	0.00447889	0.00446561
1	67108864	1	38	0.00889874	0.00890482	0.00889074	0.00889986	0.0088901	0.00899874	0.00890546	0.00890082	0.008901300000000001	0.008879860000000002	0.00887538	0.00890034	0.0088997	0.008982100000000002	0.00890258	0.0088901	0.008871539999999999	0.00888722	0.00887538	0.00887394	0.0089069	0.008886100000000001	0.00888866	0.00889106	0.00888098	0.008901300000000001	0.00890274	0.00889778	0.00889122	0.00891474	0.00894898	0.00889458	0.00889026	0.00890274	0.00890114	0.00890434	0.00891474	0.00891778
1	134217728	1	30	0.0179173	0.0180074	0.0179504	0.0179511	0.018028199999999998	0.0179602	0.017976500000000003	0.0179636	0.0179428	0.0179666	0.0179376	0.0179874	0.0179	0.0180056	0.0179072	0.0180613	0.017903199999999998	0.018031099999999998	0.017953499999999997	0.0179296	0.017956399999999997	0.0179794	0.0180277	0.0180213	0.018031199999999997	0.0179261	0.0179864	0.018023599999999997	0.017953800000000002	0.0179274
1	268435456	1	44	0.0365961	0.036494	0.036505	0.0365862	0.036566	0.036593200000000006	0.0365633	0.03653990000000001	0.036595	0.03655	0.0365218	0.0365409	0.036503	0.036605	0.036525	0.036483600000000005	0.036585400000000004	0.0365708	0.0366302	0.0365806	0.0365289	0.036538600000000004	0.0365542	0.0366068	0.036491100000000005	0.036507399999999995	0.036507599999999994	0.036591900000000004	0.036590000000000004	0.036653	0.0365356	0.036567100000000005	0.0365873	0.036595	0.036557200000000005	0.0365196	0.036569000000000004	0.036592599999999996	0.0365466	0.036500200000000003	0.0366527	0.0365838	0.0365948	0.0366185
1	536870912	1	47	0.0805029	0.0805433	0.0804593	0.08047230000000001	0.0804868	0.0805434	0.0805174	0.0805543	0.0805702	0.0805377	0.0805034	0.0805356	0.0805338	0.08051420000000001	0.08055190000000001	0.0805728	0.0805958	0.0806267	0.0806107	0.0805117	0.08059340000000001	0.0805521	0.0806163	0.0806262	0.0805999	0.0805885	0.0806675	0.08057550000000001	0.0805964	0.08061320000000001	0.0806179	0.08057160000000001	0.0806484	0.0806067	0.0806067	0.0805835	0.0806217	0.080654	0.0806207	0.0806482	0.0805951	0.0806922	0.0806333	0.0806177	0.08070690000000001	0.0807197	0.0806374
