# Timer(prog='/home/feizheng/i3/rocFFT-internal/build/clients/staging/dyna-rocfft-rider', lib=['/home/feizheng/p1/rocFFT/build/library/src/librocfft.so', '/home/feizheng/i3/rocFFT-internal/build/library/src/librocfft.so'], out=['/home/feizheng/i3/rocFFT-internal/scripts/perf/dir0/radix3_dim1_double_n1_inv_r2c_outofplace.dat', '/home/feizheng/i3/rocFFT-internal/scripts/perf/dir1/radix3_dim1_double_n1_inv_r2c_outofplace.dat'], log='timing.log', device=0, ntrial=30, direction=1, inplace=False, real=True, precision='double', dimension=1, xmin=2187, xmax=536870912, ymin=2, ymax=1024, zmin=2, zmax=1024, radix=3, nbatch=1, problem_file=None)
# dimension	xlength	nbatch	nsample	samples ...
1	2187	1	37	7.808e-05	6.752e-05	7.408e-05	6.608e-05	6.992e-05	6.447999999999999e-05	6.752099999999999e-05	6.272e-05	6.96e-05	6.88e-05	6.447999999999999e-05	7.023999999999999e-05	6.4001e-05	6.256000000000001e-05	5.9040000000000004e-05	6.688e-05	6.848e-05	6.144000000000001e-05	6.16e-05	6.192e-05	6.351999999999999e-05	5.824e-05	5.808e-05	6.528000000000001e-05	5.824e-05	6.384e-05	7.328e-05	6.608e-05	8.3201e-05	6.176e-05	6.08e-05	5.36e-05	6.752e-05	5.2961e-05	7.68e-05	5.968e-05	5.792e-05
1	6561	1	33	7.920099999999999e-05	6.672e-05	6.496e-05	6.096e-05	5.4080000000000004e-05	6.128e-05	6.256000000000001e-05	6.384e-05	5.6800000000000005e-05	5.36e-05	5.472e-05	5.456e-05	5.792e-05	5.2e-05	5.7281e-05	5.648e-05	6.416e-05	5.584e-05	5.36e-05	5.76e-05	6.128e-05	5.504e-05	5.168e-05	5.088e-05	6.08e-05	5.1040000000000006e-05	5.152e-05	5.0560000000000004e-05	5.472e-05	5.728e-05	5.3920000000000006e-05	5.264e-05	5.4080000000000004e-05
1	19683	1	30	9.583999999999999e-05	8.16e-05	8.496e-05	8.096100000000001e-05	7.728e-05	7.776e-05	7.920000000000001e-05	7.952e-05	7.776e-05	8.416e-05	7.952e-05	7.84e-05	7.744099999999999e-05	8.064e-05	8.144e-05	8.112e-05	7.904e-05	7.7601e-05	8.224e-05	7.792e-05	7.808e-05	7.856100000000001e-05	7.872e-05	7.5041e-05	7.952e-05	7.632e-05	7.728e-05	7.52e-05	7.792e-05	7.728e-05
1	59049	1	30	0.00011104100000000001	0.0001104	9.904e-05	0.00010208000000000001	0.00010016	9.936000000000001e-05	9.968000000000001e-05	0.00010000100000000001	0.00010127999999999999	0.00010336	0.00010496	0.00010256	0.00010240100000000001	0.00010176	9.824e-05	0.00010176	0.0001	9.888e-05	0.000100641	0.00010192	0.00010016	9.872e-05	9.84e-05	9.583999999999999e-05	9.488000000000001e-05	9.584099999999999e-05	0.0001	9.488000000000001e-05	9.6001e-05	9.712e-05
1	177147	1	41	0.0001528	0.00015215999999999998	0.000149441	0.00014816099999999998	0.00014848000000000001	0.00015072	0.00014704	0.000151521	0.00015088	0.00014624	0.000145601	0.00014591999999999999	0.00014384	0.0001464	0.00014704100000000002	0.00014528	0.00014672	0.000145601	0.0001424	0.00014096	0.000145281	0.00014832000000000002	0.00014304	0.00014464099999999999	0.00014335999999999998	0.0001424	0.00014128	0.00014432	0.000148	0.00014464	0.00014448	0.00014335999999999998	0.00014448	0.00014352	0.00014432	0.00014591999999999999	0.00014352	0.000145601	0.00014144	0.00014496000000000002	0.00014591999999999999
1	531441	1	35	0.00018672	0.000185121	0.00018096	0.00018736	0.00022528	0.00018112100000000002	0.00018624	0.00018608	0.0001784	0.00018752	0.00018704100000000001	0.000183201	0.00022144	0.0002264	0.00018048	0.000221601	0.00018287999999999998	0.00022416	0.00017936	0.000231681	0.000182081	0.00022832	0.00018256000000000001	0.000184161	0.0002656	0.00018640100000000002	0.00018224000000000002	0.00018160000000000002	0.00018543999999999999	0.000182561	0.00018592	0.00018928	0.000186881	0.00022304	0.00018015999999999998
1	1594323	1	36	0.0006929610000000001	0.0006569610000000001	0.000678082	0.000684801	0.000731521	0.000727522	0.000648801	0.000605601	0.000679361	0.000724162	0.000608481	0.000718561	0.0006537610000000001	0.000679201	0.000693762	0.000691362	0.000686402	0.000724001	0.0007368019999999999	0.000729761	0.000652802	0.000645281	0.0006777609999999999	0.000730561	0.000747841	0.0006460820000000001	0.000687681	0.0006528009999999999	0.000654081	0.000719362	0.000692002	0.0006460810000000001	0.000687361	0.0006940809999999999	0.000644321	0.0006950410000000001
1	4782969	1	40	0.0014936	0.0014864	0.00142512	0.00143872	0.00143504	0.0014889600000000001	0.0014747200000000001	0.00149408	0.00143024	0.001452	0.0014558400000000001	0.0014464	0.00144184	0.0014592000000000001	0.00144352	0.00149328	0.00148304	0.00142896	0.0014729600000000002	0.00149088	0.00142672	0.00149296	0.0014272	0.00146944	0.0014288	0.0014838400000000002	0.00147152	0.00154192	0.00148336	0.00142416	0.0014776000000000001	0.00144896	0.00149968	0.0014734400000000001	0.00150256	0.00144288	0.00148471	0.00147872	0.00151872	0.00149664
1	14348907	1	30	0.004871690000000001	0.00483425	0.00488849	0.00486065	0.00477697	0.00481377	0.00480209	0.00480241	0.00491889	0.00482385	0.00476577	0.00485921	0.00486913	0.00478049	0.00482081	0.00481441	0.00482145	0.00486433	0.00488929	0.004869930000000001	0.00478017	0.00477921	0.00479697	0.00479969	0.00481457	0.00480673	0.004875689999999999	0.00476145	0.00482945	0.00482001
1	43046721	1	37	0.0141072	0.0140701	0.0140701	0.014098900000000001	0.014088	0.0141606	0.0140757	0.0140915	0.0140722	0.0141359	0.014073700000000001	0.0141034	0.014046300000000001	0.014117800000000002	0.0140189	0.0140683	0.014069000000000002	0.0140564	0.0142018	0.0141017	0.0140773	0.014088800000000002	0.014132	0.0140459	0.0140722	0.0140795	0.0140632	0.014069000000000002	0.0140619	0.014111700000000001	0.0140928	0.0140947	0.0141133	0.0141346	0.014011599999999999	0.0141042	0.0141262
1	129140163	1	31	0.046146	0.046107100000000005	0.0462018	0.0461026	0.0459146	0.046025500000000004	0.046090200000000005	0.0460244	0.0459977	0.0460158	0.0460017	0.045999000000000005	0.0460849	0.0459825	0.045983800000000005	0.046091900000000005	0.0460929	0.0459996	0.0460505	0.0459958	0.0460475	0.0460233	0.0460057	0.0460851	0.0460564	0.046099100000000004	0.0460131	0.0460633	0.0460548	0.0461593	0.046027500000000006
1	387420489	1	30	0.14593799999999998	0.140755	0.140763	0.140792	0.140721	0.140693	0.14078100000000002	0.140824	0.140714	0.14080099999999998	0.140827	0.140624	0.140574	0.140779	0.140709	0.140706	0.140701	0.140747	0.140775	0.140814	0.14083500000000002	0.140646	0.140738	0.140822	0.14077099999999998	0.14072	0.140774	0.140738	0.140804	0.140813
