# Timer(prog='/home/feizheng/i3/rocFFT-internal/build/clients/staging/dyna-rocfft-rider', lib=['/home/feizheng/p1/rocFFT/build/library/src/librocfft.so', '/home/feizheng/i3/rocFFT-internal/build/library/src/librocfft.so'], out=['/home/feizheng/i3/rocFFT-internal/scripts/perf/dir0/radix2_dim1_double_n1_c2c_outofplace.dat', '/home/feizheng/i3/rocFFT-internal/scripts/perf/dir1/radix2_dim1_double_n1_c2c_outofplace.dat'], log='timing.log', device=0, ntrial=30, direction=-1, inplace=False, real=False, precision='double', dimension=1, xmin=2048, xmax=536870912, ymin=2, ymax=1024, zmin=2, zmax=1024, radix=2, nbatch=1, problem_file=None)
# dimension	xlength	nbatch	nsample	samples ...
1	2048	1	30	3.936e-05	3.792e-05	3.856e-05	3.792e-05	3.7760000000000004e-05	3.792e-05	3.856e-05	3.888e-05	3.856e-05	3.2e-05	3.728e-05	3.2e-05	3.3119999999999995e-05	3.7120000000000004e-05	3.296e-05	3.792e-05	3.2e-05	3.744e-05	3.7921000000000005e-05	3.808e-05	3.856e-05	3.0721e-05	3.184e-05	3.2160000000000004e-05	3.696e-05	3.7760000000000004e-05	3.84e-05	3.7760000000000004e-05	3.7120000000000004e-05	3.728e-05
1	4096	1	46	9.232e-05	4.304e-05	4.5600000000000004e-05	4.944e-05	4.512e-05	5.008e-05	3.68e-05	5.136e-05	4.992e-05	4.592e-05	5.008e-05	5.1681e-05	5.0560000000000004e-05	5.024e-05	5.072e-05	4.992e-05	5.1200000000000004e-05	4.96e-05	4.24e-05	4.464e-05	3.696e-05	3.728e-05	5.072e-05	5.1040000000000006e-05	4.672e-05	3.808e-05	3.808e-05	4.288e-05	3.76e-05	3.792e-05	3.7760000000000004e-05	3.7120000000000004e-05	3.8240000000000007e-05	4.5440000000000005e-05	4.256e-05	4.3679999999999995e-05	3.7120000000000004e-05	4.192e-05	3.728e-05	4.432e-05	3.664e-05	3.728e-05	3.744e-05	3.792e-05	4.208e-05	4.576e-05
1	8192	1	33	6.992e-05	5.28e-05	5.088e-05	4.992e-05	5.1041e-05	3.856e-05	5.008e-05	4.976e-05	4.976e-05	3.92e-05	3.952e-05	3.952e-05	3.856e-05	4e-05	4.784e-05	4e-05	3.856e-05	4.6240000000000005e-05	3.952e-05	3.952e-05	3.92e-05	4.0640000000000004e-05	3.8719999999999995e-05	3.952e-05	3.8240000000000007e-05	4e-05	3.856e-05	4.0480000000000005e-05	3.984e-05	3.8719999999999995e-05	3.8719999999999995e-05	3.808e-05	3.904e-05
1	16384	1	30	6.864000000000001e-05	4.880000000000001e-05	5.0560000000000004e-05	4.16e-05	5.072e-05	4.3200000000000007e-05	4.384e-05	4.3360000000000005e-05	4.3679999999999995e-05	4.6399999999999996e-05	4.256e-05	4.256e-05	4.256e-05	4.2720000000000004e-05	4.112e-05	4.16e-05	4.3200000000000007e-05	4.256e-05	4.208e-05	4.3679999999999995e-05	4.224e-05	4.1439999999999996e-05	4.192e-05	4.304e-05	4.192e-05	4.176e-05	4.2720000000000004e-05	4.1439999999999996e-05	4.1439999999999996e-05	4.2720000000000004e-05
1	32768	1	30	7.408e-05	5.1040000000000006e-05	4.944e-05	4.944e-05	4.464e-05	4.9279999999999996e-05	4.4481e-05	5.184e-05	4.3679999999999995e-05	4.3520000000000003e-05	4.3520000000000003e-05	4.2081e-05	4.24e-05	4.2561e-05	4.2881000000000005e-05	4.288e-05	4.176e-05	4.3520000000000003e-05	4.3520000000000003e-05	4.192e-05	4.304e-05	4.2720000000000004e-05	4.2720000000000004e-05	4.3360000000000005e-05	4.192e-05	4.224e-05	4.192e-05	4.3679999999999995e-05	4.384e-05	4.256e-05
1	65536	1	33	6.544e-05	5.216e-05	5.28e-05	4.752e-05	4.9921e-05	4.5600000000000004e-05	4.528e-05	4.304e-05	4.4e-05	4.3520000000000003e-05	4.4e-05	4.496e-05	4.416e-05	4.2720000000000004e-05	4.3679999999999995e-05	4.3360000000000005e-05	4.3360000000000005e-05	4.304e-05	4.3361e-05	4.432e-05	4.3200000000000007e-05	4.304e-05	4.24e-05	4.3201e-05	4.3679999999999995e-05	4.256e-05	4.256e-05	4.304e-05	4.24e-05	4.288e-05	4.288e-05	4.256e-05	4.288e-05
1	131072	1	30	8.448e-05	7.488e-05	7.312e-05	7.52e-05	6.895999999999999e-05	7.088e-05	7.152e-05	7.12e-05	7.088e-05	6.976000000000001e-05	8.8801e-05	7.312e-05	7.295999999999999e-05	7.232e-05	6.992e-05	7.200099999999999e-05	7.023999999999999e-05	7.232e-05	7.088e-05	6.912e-05	6.976000000000001e-05	7.2161e-05	7.008e-05	6.992e-05	6.992e-05	6.848e-05	7.264e-05	7.104000000000001e-05	7.088e-05	7.008e-05
1	262144	1	37	0.00011456	0.00011328000000000001	0.00011344	0.00011168	0.00011184	0.00011136	0.000116161	0.00011119999999999999	0.00011152	0.00010992	0.00011008	0.00011312	0.00010992	0.00011056000000000001	0.00011232100000000001	0.000111841	0.000112801	0.000111361	0.000110881	0.000108961	0.000112961	0.00011136	0.00011296	0.0001128	0.00011008	0.00011184	0.000112	0.00011312	0.00011184	0.0001128	0.00010975999999999999	0.00010975999999999999	0.00011088000000000001	0.00010975999999999999	0.00011423999999999999	0.00011344	0.00011296
1	524288	1	43	0.00015184	0.00016752	0.00014672	0.00014576000000000001	0.00014480000000000002	0.00014176	0.00014319999999999998	0.000143361	0.000140321	0.0001392	0.00014432	0.00014432100000000002	0.0001408	0.00014096	0.000144801	0.000140481	0.00014432	0.00014096	0.00014144100000000002	0.000139841	0.0001408	0.0001416	0.00014192	0.0001408	0.00014480000000000002	0.0001424	0.00014128	0.00014192	0.00014176	0.00014448	0.00014144	0.00013888	0.00014384	0.00013968	0.000140161	0.00014335999999999998	0.000142401	0.00014047999999999998	0.00014576000000000001	0.0001416	0.000140321	0.00014464	0.00014096
1	1048576	1	30	0.00024672	0.000244161	0.0002408	0.00023935999999999999	0.00024592	0.00024128	0.00024032	0.000241121	0.00024016100000000002	0.000239841	0.00024096000000000002	0.0002472	0.000244801	0.00024144099999999998	0.00024832099999999997	0.00024032	0.0002448	0.000248161	0.0002408	0.000242401	0.000248	0.00023952100000000003	0.00024336	0.00024592	0.000247521	0.000249921	0.00024096000000000002	0.00025712	0.0002448	0.000246401
1	2097152	1	35	0.00044688000000000003	0.00043744100000000006	0.00043888	0.000436961	0.00044128099999999996	0.000444801	0.00044	0.00044432	0.000534721	0.000437281	0.000443681	0.000438401	0.00043584099999999996	0.00043600100000000004	0.00044751999999999997	0.000438241	0.000438881	0.000442241	0.00044720100000000004	0.000442241	0.000442081	0.00043536000000000003	0.000439521	0.00043936100000000004	0.00043856099999999996	0.00044128099999999996	0.000441121	0.000439841	0.000441121	0.00044176100000000004	0.000434241	0.00044496000000000005	0.0004416	0.000440001	0.000438881
1	4194304	1	30	0.000824002	0.0008238410000000001	0.000832641	0.000815201	0.0008212810000000001	0.000807041	0.000819361	0.0008148809999999999	0.000818882	0.000816641	0.0008190410000000001	0.000817921	0.000819842	0.000823522	0.000820001	0.000809762	0.000812002	0.0008041610000000001	0.000820001	0.0008190410000000001	0.000817282	0.000815202	0.000823041	0.0008156820000000001	0.000823681	0.0008158410000000001	0.000816802	0.000825441	0.000816801	0.0008128020000000001
1	8388608	1	30	0.00180544	0.0017784	0.00178656	0.00178032	0.00178544	0.00177216	0.0017816000000000002	0.00178464	0.00178176	0.0017832	0.00178176	0.00178592	0.00178976	0.0017937600000000001	0.0017776	0.00178832	0.00177104	0.00178992	0.0017782400000000002	0.00178672	0.0017808	0.00178048	0.00181152	0.00177424	0.0017888	0.0017768	0.00177744	0.00179472	0.001776	0.00176464
1	16777216	1	42	0.00348753	0.00353169	0.00349505	0.00348992	0.00351504	0.00349393	0.00348992	0.00350752	0.00351361	0.00350865	0.00351409	0.00350481	0.00348625	0.00351153	0.00348785	0.00350161	0.00349856	0.0034844900000000002	0.0035008	0.00352353	0.0034870500000000002	0.0034955200000000002	0.0034902500000000003	0.00349393	0.0035102500000000003	0.00351057	0.0034916900000000004	0.0035036900000000003	0.00350401	0.0034694400000000003	0.00347041	0.0034961700000000003	0.00347457	0.00350753	0.00350401	0.0035129700000000002	0.00347729	0.00348577	0.00353499	0.00349633	0.0035116200000000005	0.0035003700000000005
1	33554432	1	31	0.0074012900000000005	0.00735153	0.00732689	0.00733057	0.00734129	0.014736	0.0073360100000000004	0.00733569	0.00731729	0.00731201	0.00729809	0.00729601	0.007320330000000001	0.00728881	0.00731601	0.007318570000000001	0.0073846499999999995	0.00729105	0.00726801	0.0073326500000000005	0.00731201	0.00730433	0.00732833	0.00734161	0.00733457	0.00734817	0.00731137	0.00729425	0.00731889	0.00738673	0.00728433
1	67108864	1	37	0.014866899999999999	0.0147183	0.014773300000000001	0.014804500000000002	0.0147842	0.014809300000000001	0.0147744	0.0147427	0.0147456	0.014837	0.0147186	0.0148592	0.014760500000000001	0.014788800000000001	0.014805	0.014777	0.0147095	0.014737	0.0148128	0.0147866	0.0148034	0.0147539	0.0147747	0.0147455	0.0148743	0.014796	0.0148248	0.0147507	0.0147823	0.0147736	0.0147309	0.0147783	0.014746700000000001	0.014767899999999999	0.0148095	0.0148299	0.0148634
1	134217728	1	30	0.0304058	0.030482600000000002	0.0304212	0.0304514	0.0304479	0.0305511	0.0304698	0.030456900000000002	0.0304805	0.030450500000000002	0.0304682	0.0304402	0.030453700000000004	0.0304484	0.0304714	0.0304397	0.0304722	0.030413000000000003	0.0303826	0.0304759	0.030488499999999998	0.030449200000000003	0.0304681	0.0304455	0.0304562	0.030428999999999998	0.030456399999999998	0.0304514	0.0305183	0.0304177
1	268435456	1	30	0.06769610000000001	0.067696	0.0676506	0.0677162	0.0677421	0.0676291	0.0677556	0.0676861	0.06770000000000001	0.0677393	0.0676945	0.0677238	0.0676979	0.0677237	0.06766570000000001	0.0676348	0.0676702	0.06768850000000001	0.06772360000000001	0.06770520000000001	0.067717	0.067728	0.06768080000000001	0.0676722	0.0677253	0.0677406	0.06772020000000001	0.06771510000000001	0.0676918	0.06776009999999999
