# Timer(prog='/home/feizheng/i3/rocFFT-internal/build/clients/staging/dyna-rocfft-rider', lib=['/home/feizheng/p1/rocFFT/build/library/src/librocfft.so', '/home/feizheng/i3/rocFFT-internal/build/library/src/librocfft.so'], out=['/home/feizheng/i3/rocFFT-internal/scripts/perf/dir0/radix2_dim2_double_n1_ratio_1_r2c_outofplace.dat', '/home/feizheng/i3/rocFFT-internal/scripts/perf/dir1/radix2_dim2_double_n1_ratio_1_r2c_outofplace.dat'], log='timing.log', device=0, ntrial=30, direction=-1, inplace=False, real=True, precision='double', dimension=2, xmin=256, xmax=32768, ymin=256, ymax=32768, zmin=2, zmax=1024, radix=2, nbatch=1, problem_file=None)
# dimension	xlength	ylength	nbatch	nsample	samples ...
2	256	256	1	36	0.00010352	5.728e-05	5.856e-05	5.6160000000000004e-05	5.248e-05	5.4879999999999996e-05	5.312e-05	5.2e-05	5.4239999999999996e-05	5.6160000000000004e-05	5.28e-05	5.376e-05	5.136e-05	5.504e-05	4.96e-05	5.3280000000000005e-05	5.44e-05	5.2001e-05	5.2e-05	5.2e-05	5.0241e-05	4.9279999999999996e-05	5.36e-05	5.3441000000000006e-05	5.52e-05	5.0881e-05	5.3280000000000005e-05	5.152e-05	4.992e-05	5.28e-05	5.024e-05	5.152e-05	4.96e-05	4.864e-05	5.024e-05	4.896e-05
2	512	512	1	34	8.576100000000001e-05	7.616e-05	7.584e-05	7.696000000000001e-05	7.6e-05	6.656e-05	6.6721e-05	6.752e-05	6.912e-05	6.72e-05	6.736100000000001e-05	6.832100000000001e-05	6.768e-05	6.832000000000001e-05	6.688e-05	6.72e-05	6.704000000000001e-05	6.8001e-05	6.623999999999999e-05	6.592e-05	6.992e-05	6.848e-05	6.848e-05	6.864000000000001e-05	6.72e-05	6.800000000000001e-05	6.688e-05	6.88e-05	6.895999999999999e-05	6.88e-05	6.64e-05	6.88e-05	6.736100000000001e-05	6.623999999999999e-05
2	1024	1024	1	30	0.0001264	0.0001192	0.0001184	0.00011952000000000001	0.00011264	0.00011392	0.00011776000000000001	0.00011328000000000001	0.000118241	0.00012032	0.00011856	0.00011232000000000001	0.000118241	0.00011232000000000001	0.00011184	0.000112	0.00011824	0.00011967999999999999	0.00011232000000000001	0.00011664	0.00011984	0.00011792	0.00012192	0.00011856	0.00011472	0.00011312	0.00012048000000000001	0.00011648	0.00011376000000000001	0.00011536000000000001
2	2048	2048	1	41	0.00037248	0.00036320000000000005	0.00036656100000000006	0.000361441	0.000364161	0.000364321	0.000363361	0.000363201	0.00036416	0.000363681	0.00036272100000000004	0.000381921	0.000362401	0.000361921	0.00036224099999999996	0.00036272100000000004	0.00036368	0.000360481	0.00036608	0.00036208000000000003	0.00036224	0.00036224	0.00036128	0.00036176000000000003	0.00036208000000000003	0.00036112	0.000363681	0.000360641	0.00036112100000000005	0.000364641	0.000363201	0.00036496099999999996	0.000361441	0.000360481	0.00036847999999999997	0.00036224	0.000360641	0.000365601	0.00036320000000000005	0.00036432	0.00036448000000000003
2	4096	4096	1	42	0.0015325	0.0015328	0.00152464	0.00151536	0.00151856	0.00153024	0.0015169600000000001	0.001524	0.00152656	0.00151376	0.0015164800000000002	0.0015128	0.00151328	0.00151248	0.0015182400000000001	0.0015287999999999999	0.0015334399999999998	0.0015198400000000002	0.00151568	0.00152016	0.0015216000000000001	0.00152848	0.00150784	0.0015304000000000001	0.00153008	0.00152592	0.00152128	0.00154272	0.0015256	0.0015337600000000001	0.00152128	0.00152528	0.0015328	0.00154032	0.0015334399999999998	0.00152352	0.0015207999999999999	0.00153088	0.00152848	0.00151552	0.00150624	0.0015224
2	8192	8192	1	30	0.00687425	0.006856010000000001	0.006849610000000001	0.00685377	0.00685809	0.0068652900000000005	0.00684481	0.00686897	0.00688929	0.00685649	0.00686065	0.00686705	0.00687905	0.00686977	0.00689313	0.00686881	0.00687265	0.00686033	0.0068553699999999995	0.006874570000000001	0.00686177	0.00685745	0.00687105	0.006888010000000001	0.00686593	0.00687233	0.00687425	0.00684481	0.006876490000000001	0.0068872099999999995
2	16384	16384	1	30	0.0300138	0.0299847	0.0300233	0.0300297	0.0299926	0.029930000000000002	0.0299804	0.030014	0.030016200000000003	0.0300101	0.0299932	0.029994299999999998	0.0299469	0.0299946	0.0299713	0.0299981	0.0300015	0.0300481	0.029981300000000002	0.0299465	0.0300114	0.0299652	0.0300167	0.0299909	0.0299951	0.0299665	0.029956700000000003	0.0299938	0.029956700000000003	0.0300013
2	32768	32768	1	30	0.128274	0.134624	0.128516	0.128416	0.12837600000000002	0.128435	0.12851200000000002	0.128523	0.12849000000000002	0.128516	0.128456	0.12850899999999998	0.128493	0.128524	0.128521	0.128454	0.12859	0.128537	0.12850299999999998	0.128662	0.128551	0.128473	0.128496	0.128523	0.128379	0.128428	0.12838999999999998	0.128524	0.12857300000000002	0.128451
