# Timer(prog='/home/feizheng/i3/rocFFT-internal/build/clients/staging/dyna-rocfft-rider', lib=['/home/feizheng/p1/rocFFT/build/library/src/librocfft.so', '/home/feizheng/i3/rocFFT-internal/build/library/src/librocfft.so'], out=['/home/feizheng/i3/rocFFT-internal/scripts/perf/dir0/radix2_dim2_double_n1_inv_ratio_1_r2c_inplace.dat', '/home/feizheng/i3/rocFFT-internal/scripts/perf/dir1/radix2_dim2_double_n1_inv_ratio_1_r2c_inplace.dat'], log='timing.log', device=0, ntrial=30, direction=1, inplace=True, real=True, precision='double', dimension=2, xmin=256, xmax=32768, ymin=256, ymax=32768, zmin=2, zmax=1024, radix=2, nbatch=1, problem_file=None)
# dimension	xlength	ylength	nbatch	nsample	samples ...
2	256	256	1	30	5.9040000000000004e-05	5.184e-05	5.376e-05	5.088e-05	4.912e-05	5.008e-05	5.088e-05	4.9441e-05	5.088e-05	5.024e-05	5.072e-05	5.072e-05	5.296e-05	5.36e-05	5.088e-05	5.008e-05	4.8320000000000005e-05	5.072e-05	5.0560000000000004e-05	5.008e-05	5.024e-05	5.152e-05	5.2e-05	4.9121e-05	4.992e-05	5.04e-05	4.896e-05	4.992e-05	4.784e-05	4.8641e-05
2	512	512	1	30	7.344e-05	6.4481e-05	6.464e-05	6.528000000000001e-05	6.656e-05	6.48e-05	6.656e-05	6.672e-05	6.5281e-05	6.32e-05	6.272e-05	6.544e-05	6.336e-05	6.592e-05	6.32e-05	6.528000000000001e-05	6.351999999999999e-05	6.336e-05	6.32e-05	6.32e-05	6.416e-05	6.224e-05	6.192e-05	6.352099999999999e-05	6.416e-05	6.208e-05	6.32e-05	6.288000000000001e-05	6.224e-05	6.351999999999999e-05
2	1024	1024	1	36	0.000120961	0.00011504000000000001	0.00011536100000000001	0.00011104000000000001	0.00011168	0.0001128	0.00011328000000000001	0.00011056000000000001	0.00011312	0.00010960000000000001	0.000112961	0.0001144	0.00011184	0.00011632000000000001	0.000111361	0.00011392	0.00011456	0.00011360000000000001	0.0001144	0.00011488	0.00011152	0.000112	0.00011232000000000001	0.00011632000000000001	0.00011344	0.000113121	0.00011008	0.00011328000000000001	0.000110081	0.00011504000000000001	0.00011408	0.00011136	0.0001128	0.00011312	0.00011008	0.00011104100000000001
2	2048	2048	1	30	0.00037520100000000003	0.000367201	0.00036704	0.00037296000000000003	0.000365601	0.000365601	0.00036847999999999997	0.00037456	0.0003984	0.000372961	0.000374561	0.00036832	0.000366401	0.000375521	0.000374241	0.00036784000000000003	0.00036768099999999996	0.00036512000000000003	0.000368801	0.00037248100000000003	0.000370561	0.00036832	0.00037760100000000003	0.000368001	0.00037600000000000003	0.000375681	0.000373281	0.00037360100000000004	0.000374081	0.000374081
2	4096	4096	1	32	0.001716	0.00170576	0.00170512	0.00169968	0.0017128000000000002	0.00170448	0.0017036800000000002	0.00169856	0.00173664	0.00171008	0.00171024	0.00171616	0.0017116800000000001	0.00171904	0.0017046399999999999	0.0017116800000000001	0.0016952	0.0017088000000000001	0.00169472	0.00169936	0.00170256	0.00171312	0.00172	0.00171792	0.0017065600000000002	0.00172448	0.00171808	0.0017174400000000002	0.0017019200000000002	0.0016983999999999999	0.00170944	0.00170512
2	8192	8192	1	38	0.0084469	0.00843618	0.008415210000000001	0.00843073	0.008431369999999999	0.00839841	0.0084349	0.00844882	0.00849186	0.00844258	0.008401780000000001	0.00841601	0.00846321	0.00848626	0.00846002	0.00840514	0.008462899999999999	0.00840977	0.0083997	0.008415530000000001	0.00841714	0.00846274	0.0085093	0.00843554	0.00845714	0.00837554	0.008496499999999999	0.00837922	0.00844754	0.00845554	0.008443059999999999	0.00843026	0.00848162	0.0084525	0.00841522	0.00845554	0.008443059999999999	0.00842306
2	16384	16384	1	40	0.035502000000000006	0.035566099999999996	0.0354495	0.0355409	0.035548699999999996	0.0353285	0.0355385	0.0354647	0.0353153	0.0354362	0.0355858	0.035546	0.0353321	0.0354957	0.0355905	0.0354133	0.0355687	0.0354398	0.0354021	0.0354258	0.0354441	0.0354065	0.0354975	0.040196100000000005	0.0355042	0.035495399999999996	0.0354932	0.0355415	0.0355252	0.035512999999999996	0.0354138	0.035482799999999995	0.035653199999999996	0.035633200000000004	0.0355518	0.035473199999999996	0.035456600000000005	0.035567	0.0355601	0.035498600000000005
2	32768	32768	1	41	0.140476	0.140462	0.14058	0.140373	0.140432	0.140441	0.140505	0.140432	0.14050700000000002	0.14050800000000002	0.140443	0.140493	0.14036300000000002	0.140464	0.1407	0.140483	0.14075200000000002	0.140457	0.14062	0.140489	0.140563	0.140513	0.140505	0.140756	0.14070400000000002	0.140589	0.140487	0.140541	0.140554	0.140533	0.14062	0.140588	0.14072900000000002	0.14052	0.14063	0.14050800000000002	0.140542	0.140657	0.14051	0.140564	0.14070400000000002
