# Timer(prog='/home/feizheng/i3/rocFFT-internal/build/clients/staging/dyna-rocfft-rider', lib=['/home/feizheng/p1/rocFFT/build/library/src/librocfft.so', '/home/feizheng/i3/rocFFT-internal/build/library/src/librocfft.so'], out=['/home/feizheng/i3/rocFFT-internal/scripts/perf/dir0/radix2_dim1_double_n1_inv_r2c_inplace.dat', '/home/feizheng/i3/rocFFT-internal/scripts/perf/dir1/radix2_dim1_double_n1_inv_r2c_inplace.dat'], log='timing.log', device=0, ntrial=30, direction=1, inplace=True, real=True, precision='double', dimension=1, xmin=2048, xmax=536870912, ymin=2, ymax=1024, zmin=2, zmax=1024, radix=2, nbatch=1, problem_file=None)
# dimension	xlength	nbatch	nsample	samples ...
1	2048	1	37	5.4561e-05	4.016e-05	3.9681e-05	4.096e-05	4.0321e-05	4.0640000000000004e-05	4.0481e-05	3.8240999999999995e-05	4.0641e-05	4.1281e-05	3.888e-05	3.8240000000000007e-05	4.1441e-05	4.08e-05	4.3201e-05	4.032e-05	4.0481e-05	4.0321e-05	4.032e-05	3.92e-05	4.0001000000000005e-05	3.8721e-05	4.0001000000000005e-05	3.3119999999999995e-05	3.8240999999999995e-05	4.032e-05	3.2001e-05	3.2481e-05	3.904e-05	3.2640000000000006e-05	3.9041e-05	3.2961e-05	4.1281e-05	3.92e-05	3.296e-05	3.8881e-05	3.2321000000000004e-05
1	4096	1	30	5.2481e-05	4.096e-05	4.208e-05	4.192e-05	4.208e-05	4.208e-05	4.304e-05	4.128e-05	4.288e-05	5.8881e-05	4.224e-05	3.5520000000000006e-05	4.16e-05	4.112e-05	4.1441e-05	3.5680000000000004e-05	4.24e-05	4.1439999999999996e-05	5.696e-05	3.472e-05	3.52e-05	3.536e-05	3.952e-05	4.112e-05	3.5680000000000004e-05	3.6479999999999996e-05	3.456e-05	3.5680000000000004e-05	3.632e-05	3.456e-05
1	8192	1	32	8.176e-05	5.872e-05	6.112e-05	5.9201e-05	5.8081e-05	5.776e-05	5.696e-05	6.208e-05	6.016e-05	6.304e-05	5.92e-05	5.744e-05	4.912e-05	6.016e-05	4.304e-05	4.4e-05	4.3681e-05	6e-05	5.824e-05	5.248e-05	4.2720000000000004e-05	4.3200000000000007e-05	4.3679999999999995e-05	4.2720000000000004e-05	6.128e-05	4.8320000000000005e-05	6.3361e-05	5.536e-05	5.968e-05	5.7441e-05	5.6e-05	4.3361e-05
1	16384	1	50	9.36e-05	7.632e-05	7.0721e-05	7.552000000000001e-05	7.152e-05	7.808e-05	6.752e-05	7.056e-05	5.824e-05	4.656e-05	4.672e-05	5.92e-05	5.584e-05	5.6640000000000007e-05	5.8880000000000005e-05	4.752e-05	5.936000000000001e-05	5.872e-05	4.5600000000000004e-05	5.824e-05	6.528000000000001e-05	5.76e-05	6.336e-05	6.288000000000001e-05	4.656e-05	4.9279999999999996e-05	4.672e-05	5.0560000000000004e-05	4.8480000000000003e-05	4.672e-05	4.784e-05	4.688e-05	5.0560000000000004e-05	5.136e-05	4.7680000000000004e-05	4.6240000000000005e-05	4.8e-05	4.6240000000000005e-05	4.6241e-05	5.1040000000000006e-05	4.880000000000001e-05	4.6399999999999996e-05	4.944e-05	5.0560000000000004e-05	4.6399999999999996e-05	4.6080999999999995e-05	4.816e-05	4.688e-05	5.872e-05	4.6080000000000006e-05
1	32768	1	30	7.952e-05	5.728e-05	5.728e-05	5.728e-05	5.472e-05	5.808e-05	6e-05	6.544e-05	6.016e-05	6.016e-05	5.5201e-05	5.6e-05	5.76e-05	5.584e-05	6.064e-05	5.84e-05	5.856e-05	4.944e-05	5.8881e-05	5.84e-05	6.256000000000001e-05	5.04e-05	4.880000000000001e-05	6.08e-05	5.152e-05	5.232e-05	5.1040000000000006e-05	5.728e-05	5.072e-05	5.136e-05
1	65536	1	30	8.192e-05	6.144000000000001e-05	6.128e-05	5.6640000000000007e-05	5.536e-05	5.472e-05	5.5521e-05	6.08e-05	5.376e-05	5.44e-05	5.312e-05	5.456e-05	5.4239999999999996e-05	5.4239999999999996e-05	5.3920000000000006e-05	5.36e-05	5.4080000000000004e-05	5.376e-05	5.3280000000000005e-05	5.936000000000001e-05	5.4241e-05	5.36e-05	5.3281e-05	5.36e-05	5.584e-05	5.456e-05	5.216e-05	5.312e-05	5.28e-05	5.248e-05
1	131072	1	31	7.232e-05	7.088e-05	7.04e-05	7.104000000000001e-05	6.208e-05	6.304e-05	6.768e-05	6.224e-05	6.351999999999999e-05	6.176100000000001e-05	6.048e-05	6.128e-05	6e-05	6.144000000000001e-05	6.144000000000001e-05	6.048e-05	5.9839999999999996e-05	6.176e-05	5.9681e-05	5.936000000000001e-05	5.856e-05	5.8880000000000005e-05	5.968e-05	5.968e-05	6.5441e-05	6.048e-05	6.176e-05	6.08e-05	6.032e-05	5.936000000000001e-05	6.256000000000001e-05
1	262144	1	32	0.0001072	9.296e-05	9.632e-05	8.832e-05	8.768e-05	8.592e-05	9.312e-05	8.8001e-05	8.704000000000001e-05	9.168e-05	8.7841e-05	9.279999999999999e-05	8.735999999999999e-05	9.248000000000001e-05	8.720100000000001e-05	9.007999999999999e-05	8.608e-05	9.168e-05	8.496e-05	8.592099999999999e-05	8.992e-05	8.624e-05	9.104e-05	9.072e-05	8.464e-05	8.544100000000001e-05	8.96e-05	8.832e-05	9.296e-05	8.688e-05	9.1361e-05	9.296e-05
1	524288	1	30	0.00013472	0.000134241	0.0001336	0.0001328	0.00013167999999999999	0.000129281	0.000128801	0.000128801	0.000136961	0.0001272	0.00013232	0.00012895999999999999	0.00013088	0.0001296	0.0001296	0.0001296	0.00013216	0.00012688	0.00012864000000000002	0.00012656	0.00012864000000000002	0.0001248	0.00013024	0.0001272	0.00013408000000000002	0.00012992	0.00012944	0.00013376	0.00012944	0.00012928
1	1048576	1	37	0.000209121	0.00019856	0.000196961	0.00019184	0.00019248000000000003	0.00019312099999999998	0.00019408	0.000190241	0.00019296	0.00019248000000000003	0.0001984	0.000193601	0.00019584099999999998	0.00019088	0.000191681	0.00019248000000000003	0.00019136	0.00019200100000000002	0.00019408	0.00019456	0.000194081	0.00019520100000000002	0.00020336	0.00019568099999999999	0.000192	0.000191521	0.00019312000000000002	0.000190721	0.00019136	0.000192321	0.00019184	0.00019248100000000002	0.000196161	0.00019152	0.00019008	0.00019152	0.0001928
1	2097152	1	30	0.00033792100000000003	0.000370561	0.00033248100000000003	0.00033312	0.000331361	0.00028944100000000004	0.000288801	0.00033216	0.00029536	0.000288321	0.0003368	0.00033168	0.00032896	0.000326881	0.000331361	0.00033424100000000004	0.00033056000000000003	0.00032992	0.00029744	0.00028896	0.00033056000000000003	0.00033248	0.0002952	0.00032656000000000004	0.0003352	0.00033664	0.0002944	0.000326721	0.0002952	0.00032992
1	4194304	1	30	0.0005315210000000001	0.0005300810000000001	0.000524801	0.0005294410000000001	0.000533761	0.000566081	0.0005313609999999999	0.000563361	0.0005265609999999999	0.000527201	0.000532641	0.000565121	0.0005374409999999999	0.0005228810000000001	0.000523201	0.0005268810000000001	0.000529442	0.000526721	0.0005214410000000001	0.000565121	0.000530241	0.0005252810000000001	0.000525601	0.000528801	0.0005296	0.000530401	0.000531041	0.0005260810000000001	0.000521281	0.000523361
1	8388608	1	34	0.0009843220000000001	0.0009780820000000001	0.000982242	0.000981761	0.000978562	0.00101296	0.0009723220000000001	0.000977475	0.000970722	0.000972642	0.000976642	0.0009828810000000001	0.000980482	0.000977762	0.000976162	0.000971202	0.000985921	0.000980482	0.00101968	0.000979522	0.000975042	0.0009722880000000001	0.0010163199999999998	0.000974881	0.000978402	0.000980962	0.00101216	0.000974882	0.000980482	0.00101584	0.000972161	0.000976002	0.001016	0.0009737620000000001
1	16777216	1	37	0.00228784	0.0022559999999999998	0.0022683200000000003	0.00225184	0.0022515200000000003	0.00226112	0.0022580900000000004	0.0022732800000000004	0.00226304	0.00227296	0.00226368	0.00226368	0.00226672	0.00225969	0.0022944000000000003	0.0022715200000000004	0.0022688100000000004	0.00226704	0.0022617699999999998	0.00225872	0.0022559999999999998	0.0022617699999999998	0.00226304	0.0022696	0.0022590400000000004	0.00229472	0.00225872	0.0022625600000000003	0.0022697600000000004	0.00225072	0.00225568	0.00226304	0.0022632	0.0022656	0.00226848	0.00225776	0.0022560099999999997
1	33554432	1	43	0.004496170000000001	0.00446289	0.0044881700000000005	0.00443729	0.00447809	0.004460810000000001	0.00450305	0.00446033	0.00452513	0.00447409	0.00451761	0.00448865	0.00447201	0.0044851299999999995	0.00450481	0.00447841	0.0044867299999999995	0.00448017	0.00446865	0.00448369	0.00449473	0.00445697	0.00447393	0.00446449	0.00447249	0.00446721	0.00446289	0.00446545	0.00446449	0.004501450000000001	0.00448241	0.004475850000000001	0.00448321	0.00448625	0.00447953	0.004479370000000001	0.0044731300000000005	0.00448017	0.00448945	0.00452257	0.00451233	0.0045337699999999995	0.00447057
1	67108864	1	30	0.00892418	0.00894466	0.00889234	0.00894322	0.00893362	0.00888066	0.00889362	0.00891314	0.008897140000000001	0.0089237	0.00894834	0.00895826	0.00888466	0.0088941	0.0089293	0.00906146	0.00898162	0.0088853	0.00887938	0.008887860000000001	0.00897554	0.0089253	0.0088941	0.008883380000000001	0.00895474	0.008881140000000001	0.00890002	0.00891474	0.00889682	0.0088653
1	134217728	1	38	0.017942	0.017928200000000002	0.0179189	0.0179551	0.0180704	0.0180104	0.017935600000000003	0.017973	0.017988700000000003	0.017966000000000003	0.0180386	0.0179653	0.0180266	0.0180124	0.0229765	0.018002300000000002	0.017995999999999998	0.0179469	0.017997	0.0179325	0.0179434	0.018037	0.0179725	0.017911100000000003	0.0179895	0.0179968	0.0180272	0.017965599999999998	0.0179652	0.0180122	0.0179669	0.017974399999999998	0.0180095	0.018120999999999998	0.0179383	0.017917000000000002	0.0180079	0.0179546
1	268435456	1	30	0.036508200000000005	0.0364934	0.036487000000000006	0.0364745	0.0364394	0.036490299999999996	0.0365348	0.0364614	0.036439	0.036529200000000005	0.0364655	0.0364679	0.0365254	0.0364538	0.03644360000000001	0.0365374	0.036470999999999996	0.036449800000000004	0.036521500000000005	0.036476100000000004	0.0364822	0.0364694	0.0365522	0.0364906	0.0364897	0.0364977	0.0365393	0.0365279	0.036503900000000006	0.0365614
1	536870912	1	34	0.08024590000000001	0.0802997	0.08037090000000001	0.0802852	0.0802842	0.0803274	0.08031650000000001	0.0803191	0.08032500000000001	0.0803474	0.0803226	0.0803364	0.0803722	0.0803941	0.0804416	0.0804409	0.08037949999999999	0.0803819	0.080391	0.0804329	0.08042239999999999	0.08042640000000001	0.0804175	0.08037470000000001	0.0804474	0.080414	0.0803933	0.0804045	0.08042959999999999	0.0804079	0.0803774	0.0803419	0.0804216	0.0804283
