# Timer(prog='/home/feizheng/i3/rocFFT-internal/build/clients/staging/dyna-rocfft-rider', lib=['/home/feizheng/p1/rocFFT/build/library/src/librocfft.so', '/home/feizheng/i3/rocFFT-internal/build/library/src/librocfft.so'], out=['/home/feizheng/i3/rocFFT-internal/scripts/perf/dir0/radix3_dim1_double_n1_c2c_inplace.dat', '/home/feizheng/i3/rocFFT-internal/scripts/perf/dir1/radix3_dim1_double_n1_c2c_inplace.dat'], log='timing.log', device=0, ntrial=30, direction=-1, inplace=True, real=False, precision='double', dimension=1, xmin=2187, xmax=536870912, ymin=2, ymax=1024, zmin=2, zmax=1024, radix=3, nbatch=1, problem_file=None)
# dimension	xlength	nbatch	nsample	samples ...
1	2187	1	30	5.6640000000000007e-05	5.584e-05	5.44e-05	5.4561e-05	5.4080000000000004e-05	5.504e-05	5.568e-05	5.504e-05	5.088e-05	5.5520000000000004e-05	4.528e-05	5.2e-05	5.376e-05	5.472e-05	5.232e-05	5.184e-05	5.216e-05	5.28e-05	4.5600000000000004e-05	5.232e-05	4.96e-05	5.136e-05	5.04e-05	5.296e-05	4.72e-05	4.864e-05	4.944e-05	4.704e-05	5.344e-05	4.880000000000001e-05
1	6561	1	39	5.76e-05	5.3441000000000006e-05	5.024e-05	4.816e-05	5.152e-05	4.0640000000000004e-05	4.8480000000000003e-05	3.904e-05	3.9681e-05	4.16e-05	3.904e-05	4.0480000000000005e-05	4.08e-05	4.816e-05	4.0640000000000004e-05	4.096e-05	4.032e-05	4.112e-05	4.3520000000000003e-05	4.112e-05	3.936e-05	3.984e-05	3.984e-05	4.1921e-05	4.0640000000000004e-05	4.08e-05	3.936e-05	4.3360000000000005e-05	3.888e-05	4.096e-05	4.096e-05	4.16e-05	4.08e-05	4.128e-05	3.904e-05	4.992e-05	4.0480000000000005e-05	3.92e-05	4.192e-05
1	19683	1	30	6.832100000000001e-05	6.4001e-05	6.128e-05	5.6160000000000004e-05	6.144000000000001e-05	6.16e-05	5.5681000000000004e-05	5.3920000000000006e-05	6.272e-05	5.472e-05	5.648e-05	5.344e-05	5.5520000000000004e-05	5.5520000000000004e-05	5.504e-05	5.7761e-05	6.768e-05	5.6160000000000004e-05	5.4881e-05	5.36e-05	5.248e-05	5.44e-05	5.248e-05	5.472e-05	6.064e-05	5.5520000000000004e-05	5.456e-05	5.28e-05	5.4241e-05	5.232e-05
1	59049	1	30	7.632e-05	6.9601e-05	6.784e-05	6.592e-05	6.608e-05	6.736e-05	6.688e-05	6.688e-05	6.688e-05	6.672e-05	6.7681e-05	6.784e-05	6.592e-05	6.768e-05	6.560000000000001e-05	7.248000000000001e-05	6.656e-05	6.576e-05	6.704000000000001e-05	6.608e-05	6.496e-05	6.608e-05	6.544e-05	6.416e-05	6.5761e-05	6.560000000000001e-05	6.464e-05	6.704000000000001e-05	6.576e-05	6.4481e-05
1	177147	1	30	0.00011184	0.00010464	0.00010304	0.00010256	0.00010576	0.00010176	0.000104641	0.00010496	0.00010592	0.000104961	0.00010592	0.00010672	0.00010144	0.00010512000000000001	0.000105281	0.00010256	0.00010272	9.984e-05	0.00010240100000000001	0.00010016	9.936000000000001e-05	0.00010384000000000001	9.952e-05	0.00010272	0.00010192	0.00010048	9.952e-05	0.00010192	0.0001032	0.00010208000000000001
1	531441	1	42	0.00014784	0.00014560000000000002	0.00014448	0.000142081	0.00014208000000000002	0.0001632	0.00014304	0.000139361	0.00014319999999999998	0.00014352	0.00014384	0.00014208000000000002	0.00014112	0.00013904	0.00014096	0.00013952000000000002	0.000145281	0.00014288000000000001	0.00014192	0.00014288000000000001	0.00014128	0.00014144	0.00014256	0.00014384	0.00014000000000000001	0.000143361	0.000145761	0.00014128	0.00014416	0.00014496000000000002	0.00014384	0.000139841	0.00014000000000000001	0.0001416	0.00014272099999999998	0.0001424	0.00014144	0.00014128	0.000142241	0.00014335999999999998	0.00014432	0.000141121
1	1594323	1	30	0.000561762	0.000590402	0.000555041	0.000550882	0.000590722	0.000555201	0.000611521	0.000554722	0.000592001	0.000548801	0.000555361	0.0005192010000000001	0.000591681	0.000512161	0.0005572810000000001	0.000511841	0.0005464010000000001	0.000591361	0.000549922	0.000521601	0.000547681	0.000592002	0.000544642	0.0005496020000000001	0.000584002	0.0005449610000000001	0.000509441	0.000583201	0.000591361	0.000549852
1	4782969	1	30	0.00118368	0.0011792	0.00115568	0.001176	0.0011648000000000001	0.0011705600000000002	0.0011784	0.00117152	0.0011639999999999999	0.00116512	0.00118864	0.00116464	0.0011736	0.00118464	0.00117936	0.00118576	0.00116176	0.00116992	0.00117472	0.0011792	0.00116624	0.00116544	0.0011676800000000002	0.00116416	0.00117024	0.00118	0.00117648	0.00116224	0.00117408	0.00119488
1	14348907	1	46	0.0041028900000000005	0.00405249	0.00408161	0.00409985	0.00404193	0.00405633	0.00409161	0.004085930000000001	0.00404845	0.00409668	0.004031850000000001	0.004053340000000001	0.004078249999999999	0.00402993	0.004076150000000001	0.00405025	0.00408433	0.0040789400000000005	0.004076010000000001	0.00406629	0.00408225	0.004078249999999999	0.004074250000000001	0.00408225	0.00409601	0.00408529	0.00403068	0.0040846499999999996	0.00405521	0.0040795300000000005	0.00408657	0.00408561	0.004095850000000001	0.00408049	0.0041065699999999995	0.00408113	0.00403937	0.00408657	0.00407209	0.00410515	0.00409425	0.00404641	0.00402689	0.004067370000000001	0.00408096	0.00407905
1	43046721	1	31	0.0119808	0.0119322	0.0119224	0.0119512	0.0119352	0.0119687	0.0119399	0.0119495	0.0119399	0.011938700000000002	0.0119223	0.0119255	0.011951100000000001	0.0119859	0.011959899999999999	0.0119629	0.011931100000000002	0.011938700000000002	0.011997500000000001	0.011884700000000002	0.0119224	0.0119275	0.011963900000000001	0.0119432	0.011946300000000002	0.0119451	0.011958700000000001	0.0119752	0.0119378	0.0119104	0.0119615
1	129140163	1	30	0.039669800000000005	0.039804400000000004	0.03979270000000001	0.0397202	0.039776200000000005	0.039705399999999995	0.039672400000000003	0.0397145	0.0396887	0.039683300000000005	0.0397279	0.039659599999999996	0.0396892	0.0397001	0.0397314	0.0396655	0.039690800000000005	0.0397487	0.039671	0.039680599999999996	0.039726	0.0397044	0.0397447	0.039758600000000005	0.0396385	0.0396719	0.0397774	0.0396577	0.0397756	0.039803
1	387420489	1	40	0.12119400000000001	0.121139	0.121062	0.12111	0.121215	0.121258	0.121119	0.121009	0.121198	0.121115	0.12114100000000001	0.12111	0.12115600000000001	0.121159	0.12109099999999999	0.12129600000000001	0.12119	0.127103	0.12102	0.121128	0.12105500000000001	0.12109500000000001	0.121116	0.121049	0.121048	0.12113	0.121143	0.121018	0.121097	0.121035	0.12118600000000002	0.121062	0.121139	0.12120900000000001	0.12112600000000001	0.12109500000000001	0.12116	0.121158	0.12115200000000001	0.12117
