# Timer(prog='/home/feizheng/i3/rocFFT-internal/build/clients/staging/dyna-rocfft-rider', lib=['/home/feizheng/p1/rocFFT/build/library/src/librocfft.so', '/home/feizheng/i3/rocFFT-internal/build/library/src/librocfft.so'], out=['/home/feizheng/i3/rocFFT-internal/scripts/perf/dir0/radix3_dim1_double_n1_inv_r2c_inplace.dat', '/home/feizheng/i3/rocFFT-internal/scripts/perf/dir1/radix3_dim1_double_n1_inv_r2c_inplace.dat'], log='timing.log', device=0, ntrial=30, direction=1, inplace=True, real=True, precision='double', dimension=1, xmin=2187, xmax=536870912, ymin=2, ymax=1024, zmin=2, zmax=1024, radix=3, nbatch=1, problem_file=None)
# dimension	xlength	nbatch	nsample	samples ...
1	2187	1	30	7.632e-05	6.752e-05	6.704000000000001e-05	6.64e-05	6.48e-05	6.496e-05	6.464e-05	5.8880000000000005e-05	6.544e-05	6.16e-05	6e-05	5.872e-05	6.2081e-05	5.728e-05	5.808e-05	7.376000000000001e-05	6.432000000000001e-05	6.4961e-05	6.048e-05	5.968e-05	6.4e-05	6.528000000000001e-05	6.560000000000001e-05	6.16e-05	5.92e-05	5.6e-05	7.36e-05	5.696e-05	6.0641000000000004e-05	5.4879999999999996e-05
1	6561	1	30	6.704000000000001e-05	6.72e-05	6.64e-05	6.288000000000001e-05	5.728e-05	6.256000000000001e-05	6.112e-05	5.728e-05	6.064e-05	5.7119999999999995e-05	5.4080000000000004e-05	6.016e-05	5.7119999999999995e-05	5.632e-05	5.7119999999999995e-05	5.792e-05	5.824e-05	6.032e-05	5.4879999999999996e-05	5.5201e-05	5.52e-05	5.9839999999999996e-05	5.536e-05	5.36e-05	5.456e-05	5.248e-05	5.248e-05	5.376e-05	5.376e-05	4.96e-05
1	19683	1	30	0.000100641	8.528e-05	7.952e-05	8.0321e-05	8.015999999999999e-05	8.048e-05	7.824000000000001e-05	7.872e-05	7.616e-05	7.664e-05	7.920099999999999e-05	7.632e-05	7.824000000000001e-05	7.984e-05	7.9521e-05	8.015999999999999e-05	7.904e-05	7.488e-05	8.064e-05	7.76e-05	7.968e-05	8.816000000000001e-05	7.712e-05	7.84e-05	7.9041e-05	7.824000000000001e-05	7.952e-05	7.712e-05	7.808e-05	7.872100000000001e-05
1	59049	1	30	0.00011216	9.92e-05	0.00010784000000000001	0.00010784100000000001	0.00010176	0.00010176	0.00010256	0.00010352	0.00010016	9.8721e-05	0.00010016	0.00010048	0.0001008	0.00010176	9.936000000000001e-05	9.648e-05	9.968000000000001e-05	9.872e-05	9.712e-05	9.520000000000001e-05	9.6e-05	9.552e-05	9.6801e-05	9.552e-05	0.000100481	9.616e-05	9.68e-05	9.616e-05	9.712e-05	9.6001e-05
1	177147	1	30	0.00014656	0.0001384	0.000144	0.00014736	0.000148641	0.00014288000000000001	0.000144	0.00014704100000000002	0.00014464	0.000138241	0.00013952000000000002	0.000138561	0.00014080100000000002	0.00013648	0.00013584	0.00013519999999999998	0.00014912	0.00014000000000000001	0.0001424	0.000139681	0.00014256	0.00014352100000000002	0.000140321	0.00013616	0.000138401	0.00013872	0.0001392	0.000143041	0.0001416	0.000139361
1	531441	1	33	0.000231201	0.00018384	0.0001864	0.00021936000000000001	0.00018592	0.00026304	0.00028368100000000004	0.00018096100000000002	0.000179201	0.00018304	0.000216	0.00018688	0.000189601	0.000268	0.00022528	0.00018800000000000002	0.00021840000000000002	0.000217601	0.0001864	0.00022	0.00018176000000000002	0.00026016	0.00018576	0.00022448000000000002	0.00022144	0.00022112000000000002	0.0002256	0.0002232	0.00018096	0.000220961	0.00021776100000000002	0.000216801	0.00018768000000000002
1	1594323	1	38	0.0006998410000000001	0.000685921	0.0006528009999999999	0.0006806410000000001	0.0006419209999999999	0.0006568009999999999	0.0006489620000000001	0.0006921610000000001	0.000680161	0.000648801	0.0006881620000000001	0.000651041	0.000640321	0.000679041	0.000659361	0.0006896020000000001	0.000681923	0.000685761	0.000650721	0.0006148810000000001	0.000650721	0.000612641	0.000716641	0.000716801	0.000684801	0.000644161	0.0007296010000000001	0.000680801	0.0007216010000000001	0.0006440010000000001	0.0006988820000000001	0.000698561	0.000653121	0.000732802	0.0006528009999999999	0.000688001	0.000654721	0.000650241
1	4782969	1	30	0.00144288	0.00149296	0.00142688	0.00145094	0.00143344	0.0014836800000000002	0.001468	0.00147328	0.00149584	0.0014312	0.00149264	0.00142423	0.00145296	0.00151008	0.0014624	0.00144688	0.0015336000000000002	0.00144048	0.0014936	0.00147248	0.00143152	0.00144064	0.00147584	0.0014716800000000002	0.0014496	0.00145072	0.00148304	0.00147376	0.00141792	0.00149232
1	14348907	1	31	0.00481793	0.00486803	0.00483841	0.00475889	0.0048449700000000005	0.0047830500000000005	0.004808010000000001	0.0048148900000000005	0.00481649	0.00483073	0.00482593	0.0048097700000000005	0.004785129999999999	0.004770730000000001	0.00480913	0.00483553	0.00479953	0.00481857	0.00480305	0.00483249	0.00483617	0.00486465	0.00479857	0.00482193	0.0047998500000000005	0.00476593	0.00476849	0.00483329	0.00480033	0.0048902500000000005	0.00483313
1	43046721	1	30	0.0140555	0.0140839	0.0140536	0.0140848	0.0140871	0.0140688	0.0140928	0.014043400000000001	0.0141266	0.0140536	0.0140706	0.0140899	0.0141313	0.0140384	0.014061299999999999	0.014146800000000001	0.0140992	0.014022100000000001	0.0141389	0.014117800000000002	0.014065300000000001	0.0140319	0.0140407	0.014046900000000001	0.0141305	0.014038700000000001	0.014154400000000001	0.0141058	0.0140975	0.0140731
1	129140163	1	34	0.0460143	0.046021400000000004	0.0460244	0.0460334	0.0460494	0.0461171	0.04598940000000001	0.0460722	0.046036900000000006	0.04594380000000001	0.0459185	0.0460002	0.046028599999999996	0.0459767	0.0459737	0.0459486	0.0460585	0.0460751	0.051444699999999996	0.046021900000000004	0.0458553	0.045988100000000004	0.0459859	0.0459993	0.046038800000000005	0.0459899	0.045987	0.045988100000000004	0.0460015	0.0459463	0.046044100000000004	0.0460299	0.046007	0.0460491
1	387420489	1	34	0.14089400000000002	0.140765	0.140661	0.140672	0.14072800000000002	0.14063499999999998	0.140774	0.140763	0.14069900000000002	0.14098500000000003	0.14097800000000002	0.14083500000000002	0.14075100000000001	0.14081100000000002	0.140707	0.14068799999999998	0.140763	0.140648	0.14081100000000002	0.14073500000000003	0.140873	0.140906	0.14079	0.140786	0.140847	0.14086300000000002	0.14083500000000002	0.140776	0.14087200000000002	0.14086300000000002	0.140838	0.140799	0.14083	0.140662
