# Timer(prog='/home/feizheng/i3/rocFFT-internal/build/clients/staging/dyna-rocfft-rider', lib=['/home/feizheng/p1/rocFFT/build/library/src/librocfft.so', '/home/feizheng/i3/rocFFT-internal/build/library/src/librocfft.so'], out=['/home/feizheng/i3/rocFFT-internal/scripts/perf/dir0/radix3_dim1_double_n1_r2c_outofplace.dat', '/home/feizheng/i3/rocFFT-internal/scripts/perf/dir1/radix3_dim1_double_n1_r2c_outofplace.dat'], log='timing.log', device=0, ntrial=30, direction=-1, inplace=False, real=True, precision='double', dimension=1, xmin=2187, xmax=536870912, ymin=2, ymax=1024, zmin=2, zmax=1024, radix=3, nbatch=1, problem_file=None)
# dimension	xlength	nbatch	nsample	samples ...
1	2187	1	30	8.448e-05	6.623999999999999e-05	6.384e-05	6.928e-05	6.256100000000001e-05	6.032e-05	6.112e-05	7.04e-05	6.256000000000001e-05	6.6081e-05	6.016e-05	6.4e-05	6.24e-05	6.208e-05	6.256000000000001e-05	5.968e-05	6e-05	5.568e-05	6.0161e-05	6.192e-05	6.144000000000001e-05	5.872e-05	6.2081e-05	6.2081e-05	7.12e-05	6.3041e-05	5.92e-05	5.84e-05	5.808e-05	5.3601000000000004e-05
1	6561	1	41	0.00012032	0.00010432	8.272100000000001e-05	5.824e-05	6.064e-05	5.2e-05	5.344e-05	5.76e-05	5.824e-05	6.096e-05	5.2e-05	5.184e-05	5.0560000000000004e-05	5.168e-05	5.856e-05	5.1200000000000004e-05	7.295999999999999e-05	7.088e-05	5.84e-05	0.00011008	4.864e-05	5.808e-05	5.2e-05	5.6160000000000004e-05	5.264e-05	5.1200000000000004e-05	5.024e-05	4.880000000000001e-05	5.7119999999999995e-05	5.072e-05	5.184e-05	5.0881e-05	4.96e-05	4.752e-05	5.744e-05	5.6961e-05	5.216e-05	5.1361e-05	5.344e-05	5.088e-05	5.152e-05
1	19683	1	42	9.328e-05	8.496e-05	8.896e-05	8.640000000000001e-05	8.944000000000001e-05	7.664e-05	7.504e-05	8.432e-05	7.728e-05	7.648000000000001e-05	7.743999999999999e-05	7.6641e-05	7.743999999999999e-05	7.616e-05	7.7601e-05	7.712e-05	7.728e-05	7.552000000000001e-05	7.872e-05	7.68e-05	7.6e-05	8.015999999999999e-05	7.936e-05	7.792e-05	7.728e-05	7.68e-05	7.728e-05	7.856000000000001e-05	7.872100000000001e-05	7.728e-05	7.6e-05	7.68e-05	7.68e-05	7.568e-05	7.472e-05	7.68e-05	7.584e-05	7.504e-05	7.504e-05	7.52e-05	7.568e-05	7.616e-05
1	59049	1	30	0.00010736	0.00010368	9.8721e-05	0.00010176	0.00010144	0.00010304	9.904e-05	9.808e-05	9.904e-05	0.00010048	9.92e-05	9.92e-05	9.760000000000001e-05	9.664000000000001e-05	9.68e-05	9.6e-05	9.392100000000001e-05	9.184e-05	9.408e-05	9.744e-05	9.696000000000001e-05	9.520000000000001e-05	9.664000000000001e-05	9.776e-05	9.6e-05	9.568e-05	9.8721e-05	9.712e-05	9.4881e-05	9.472e-05
1	177147	1	44	0.00014576000000000001	0.00013856	0.00014016	0.00014528	0.000145281	0.00014016	0.00013536	0.00014176	0.00013791999999999998	0.0001424	0.0001464	0.00013648	0.0001384	0.00013856	0.000134401	0.00013376	0.00013456	0.00013728000000000001	0.00013456	0.00013456	0.00013728000000000001	0.000141281	0.00013664000000000002	0.00014352	0.0001376	0.00013776	0.00013824	0.00013648	0.000137921	0.0001376	0.00014112	0.00013568	0.000140481	0.0001344	0.00013344	0.00013712	0.000134081	0.00013504	0.00014288000000000001	0.00013824	0.00013952000000000002	0.000134561	0.00013872	0.00013776
1	531441	1	30	0.000183361	0.00018432000000000002	0.00018384	0.00022976	0.00018384	0.000181761	0.00018736	0.00017824	0.00017824	0.000179201	0.00017904000000000002	0.000177761	0.000224	0.000219681	0.00018208	0.00017952000000000002	0.000180001	0.0002232	0.00017856	0.00022336100000000002	0.00017904000000000002	0.00018224000000000002	0.00017712	0.00018144	0.00018048	0.000180001	0.000176	0.00017712	0.00017824100000000002	0.00017824100000000002
1	1594323	1	33	0.000644481	0.000689281	0.000673601	0.0005992009999999999	0.000634881	0.0006752010000000001	0.000672961	0.000628001	0.000631841	0.000672802	0.0006827210000000001	0.000658881	0.0005892810000000001	0.000661601	0.000627681	0.0007030410000000001	0.000640961	0.000625441	0.000638081	0.000667521	0.000736162	0.000674401	0.000626081	0.000640002	0.000644801	0.000664321	0.0006352020000000001	0.0006374410000000001	0.000662881	0.0006494410000000001	0.000664162	0.0006731209999999999	0.000665281
1	4782969	1	30	0.0014416000000000001	0.0013950400000000002	0.00136432	0.0013992	0.00139232	0.00144896	0.0013872	0.00136768	0.00138384	0.00137507	0.00140224	0.0013857600000000002	0.00138336	0.0013859200000000001	0.0013775999999999999	0.0014035200000000001	0.00138832	0.00137296	0.0013824000000000002	0.00137793	0.00138496	0.00138368	0.00138832	0.0013832	0.00138336	0.00138144	0.00140192	0.00136816	0.00139872	0.00138608
1	14348907	1	30	0.004751050000000001	0.00468945	0.00473345	0.00473105	0.004757450000000001	0.00470145	0.00474993	0.00473569	0.0047379300000000004	0.00469889	0.00474865	0.00474097	0.00476881	0.00470673	0.00474497	0.00474209	0.00470001	0.00477153	0.00470673	0.00473441	0.0047393700000000006	0.00476321	0.00476641	0.00468513	0.00471601	0.00475089	0.004790409999999999	0.00468817	0.00473569	0.00475825
1	43046721	1	30	0.0138613	0.0138514	0.0139048	0.013861100000000001	0.013869	0.013844200000000001	0.0138207	0.0138775	0.0138605	0.013907500000000001	0.0138127	0.0138576	0.0139133	0.0138595	0.013875199999999999	0.0138805	0.013857300000000001	0.0138698	0.0138467	0.0139165	0.013874300000000001	0.013878	0.0138751	0.013827500000000001	0.0138376	0.0138969	0.0138688	0.0138933	0.0138576	0.0138959
1	129140163	1	30	0.045481	0.045474600000000004	0.045508200000000006	0.0453786	0.0453617	0.0454447	0.0454807	0.0454306	0.045427100000000005	0.0453841	0.045431	0.0454166	0.0454337	0.045497100000000006	0.0455011	0.0454689	0.04545300000000001	0.045514200000000005	0.0454362	0.0454796	0.045493000000000006	0.045511800000000005	0.0454129	0.0454337	0.0454028	0.0454466	0.045434300000000004	0.0454657	0.045468600000000005	0.045568700000000004
1	387420489	1	31	0.13891499999999998	0.144708	0.138829	0.13884000000000002	0.138819	0.138767	0.13879	0.138874	0.143548	0.138825	0.138726	0.138798	0.13889500000000002	0.13875800000000002	0.138883	0.138806	0.138814	0.138932	0.13875700000000002	0.138868	0.138754	0.138852	0.13879	0.13886500000000002	0.138746	0.13883	0.13883199999999998	0.13894800000000002	0.13877899999999999	0.138808	0.138754
