# Timer(prog='/home/feizheng/i3/rocFFT-internal/build/clients/staging/dyna-rocfft-rider', lib=['/home/feizheng/p1/rocFFT/build/library/src/librocfft.so', '/home/feizheng/i3/rocFFT-internal/build/library/src/librocfft.so'], out=['/home/feizheng/i3/rocFFT-internal/scripts/perf/dir0/radix3_dim1_double_n1_r2c_inplace.dat', '/home/feizheng/i3/rocFFT-internal/scripts/perf/dir1/radix3_dim1_double_n1_r2c_inplace.dat'], log='timing.log', device=0, ntrial=30, direction=-1, inplace=True, real=True, precision='double', dimension=1, xmin=2187, xmax=536870912, ymin=2, ymax=1024, zmin=2, zmax=1024, radix=3, nbatch=1, problem_file=None)
# dimension	xlength	nbatch	nsample	samples ...
1	2187	1	30	8.224e-05	6.976000000000001e-05	6.32e-05	6.416e-05	6.288000000000001e-05	6e-05	6.895999999999999e-05	6.16e-05	6.112e-05	7.392e-05	6.895999999999999e-05	6.176e-05	6.368e-05	6.6401e-05	6.832000000000001e-05	5.9040000000000004e-05	6.112e-05	5.9839999999999996e-05	6.256000000000001e-05	6.48e-05	7.0561e-05	6.08e-05	7.488e-05	6.144000000000001e-05	6e-05	6.6081e-05	6.800000000000001e-05	5.232e-05	5.968e-05	5.92e-05
1	6561	1	40	6.992e-05	6.32e-05	6.464e-05	5.2801000000000005e-05	6.048e-05	5.8880000000000005e-05	6.16e-05	5.536e-05	5.3920000000000006e-05	6.048e-05	5.696e-05	6.208e-05	5.872e-05	5.344e-05	5.472e-05	4.816e-05	5.296e-05	5.232e-05	5.0560000000000004e-05	4.9279999999999996e-05	5.04e-05	5.456e-05	4.992e-05	5.968e-05	5.136e-05	5.088e-05	5.9040000000000004e-05	5.744e-05	6.656e-05	5.872e-05	5.168e-05	4.976e-05	5.1200000000000004e-05	5.1200000000000004e-05	4.896e-05	5.072e-05	4.976e-05	5.76e-05	4.96e-05	4.992e-05
1	19683	1	30	8.8e-05	9.120000000000001e-05	8.496e-05	8.1121e-05	7.936e-05	8.72e-05	8.256e-05	7.6321e-05	8.048e-05	7.936e-05	7.968e-05	7.84e-05	7.52e-05	7.792e-05	7.616e-05	7.776e-05	8.128100000000001e-05	7.872e-05	7.76e-05	7.632e-05	7.76e-05	7.6481e-05	8.112e-05	7.968e-05	7.712e-05	8.048e-05	7.808e-05	7.856000000000001e-05	7.808e-05	7.6641e-05
1	59049	1	38	0.00011136	0.00010208000000000001	9.808e-05	9.952e-05	9.792e-05	9.8081e-05	9.872e-05	9.952e-05	9.936000000000001e-05	0.00010112000000000001	9.888e-05	9.632e-05	9.760000000000001e-05	9.712100000000001e-05	9.728e-05	9.7761e-05	9.84e-05	9.8241e-05	0.00010032	9.855999999999999e-05	9.824e-05	9.7441e-05	9.632e-05	9.264000000000001e-05	9.568e-05	9.744e-05	9.6e-05	9.568e-05	9.536000000000001e-05	9.4401e-05	9.536000000000001e-05	9.6001e-05	9.472e-05	9.520000000000001e-05	9.504e-05	9.648e-05	9.696000000000001e-05	9.712e-05
1	177147	1	30	0.00014480000000000002	0.00013888	0.000139041	0.00013791999999999998	0.00013904	0.00013808	0.00013872	0.00013936000000000002	0.00013648	0.00013776	0.00013456	0.00013328000000000002	0.00013232	0.00013312	0.00013504	0.000134881	0.00013296	0.000134401	0.00013408000000000002	0.000134401	0.00013536	0.00013504	0.00013519999999999998	0.00013472	0.000133921	0.00013232	0.00013408000000000002	0.00013648	0.00013536100000000002	0.00013648
1	531441	1	32	0.000182561	0.00018048	0.00018656	0.00018287999999999998	0.0001808	0.000182881	0.00018271999999999999	0.00017808	0.000179681	0.000188641	0.00022352	0.00018096	0.000182721	0.00018128	0.00018224099999999998	0.00017792	0.00018448	0.00017776	0.000180801	0.00018160000000000002	0.0001792	0.00018048	0.000179361	0.00018304100000000003	0.00018015999999999998	0.0002232	0.0001784	0.000180001	0.00017408000000000001	0.00022208000000000002	0.00017632000000000002	0.0002256
1	1594323	1	30	0.000610401	0.000630881	0.000672162	0.0007104009999999999	0.000661121	0.000635361	0.0005998409999999999	0.0006291210000000001	0.0006304020000000001	0.000624161	0.000624801	0.000636961	0.000675521	0.0006360010000000001	0.000679681	0.0006678410000000001	0.0006459209999999999	0.000672801	0.000638881	0.0006704020000000001	0.0006366410000000001	0.000629281	0.000625921	0.000674401	0.000665122	0.000631681	0.000627681	0.0006729619999999999	0.000626722	0.0006668809999999999
1	4782969	1	30	0.00140288	0.00139616	0.00139072	0.0013884799999999999	0.00137024	0.00138992	0.0014260800000000001	0.00138608	0.0014	0.00140224	0.00138912	0.00138272	0.0013728	0.0014048	0.00139872	0.0013748800000000002	0.00136624	0.00137344	0.00140448	0.00143456	0.00139044	0.00139152	0.001392	0.00138704	0.00138115	0.00138704	0.00138656	0.00138976	0.0014297200000000002	0.0014039999999999999
1	14348907	1	30	0.0047278500000000005	0.00474081	0.004794570000000001	0.004734250000000001	0.00470865	0.00477233	0.00467825	0.00473265	0.00472321	0.00470385	0.00472625	0.0047678500000000006	0.00470561	0.00473665	0.00470913	0.00473969	0.004683690000000001	0.004760169999999999	0.00473649	0.00472769	0.00470657	0.00470385	0.00472849	0.004726569999999999	0.00474961	0.00472241	0.0047411300000000005	0.00474049	0.00469089	0.00469537
1	43046721	1	35	0.0138643	0.0139247	0.0139253	0.013901199999999999	0.0138592	0.0139015	0.013915100000000001	0.0139267	0.0138538	0.013881600000000001	0.013870100000000002	0.0138495	0.0138835	0.013838300000000001	0.0138455	0.0138561	0.0138645	0.0138949	0.0138498	0.013850300000000001	0.013847400000000001	0.0138395	0.0138509	0.0139005	0.0138618	0.013844	0.013893800000000001	0.0139007	0.0138954	0.013907500000000001	0.013848800000000001	0.0138416	0.0138517	0.0138867	0.0138642
1	129140163	1	34	0.04531860000000001	0.0454377	0.045365499999999996	0.0454161	0.0454383	0.0455204	0.0455342	0.045434300000000004	0.0454518	0.0454386	0.045388599999999994	0.0523425	0.045372100000000005	0.0454311	0.0453783	0.0454148	0.0454156	0.0453094	0.045370600000000004	0.0454482	0.0454604	0.0453777	0.0454505	0.0453828	0.0454916	0.045397	0.045397799999999995	0.0455102	0.0454783	0.0454508	0.0454043	0.045466	0.045460600000000004	0.0454419
1	387420489	1	30	0.139024	0.139033	0.13898500000000003	0.139047	0.138999	0.13897900000000002	0.13913999999999999	0.139024	0.139054	0.138916	0.138996	0.13902099999999998	0.13902799999999998	0.139104	0.13906100000000002	0.139126	0.138941	0.13899	0.139053	0.139042	0.139107	0.13902	0.139083	0.139052	0.139077	0.13902899999999999	0.139035	0.13914400000000002	0.13906800000000002	0.13894399999999998
